07_0001 -200.000000 0 0 0 0
07_0002 -200.000000 0 0 0 0
07_0003 -200.000000 0 0 0 0
07_0004 -200.000000 0 0 0 0
07_0005 -200.000000 0 0 0 0
07_0006 -200.000000 0 0 0 0
07_0007 -200.000000 0 0 0 0
07_0008 -200.000000 0 0 0 0
07_0009 -200.000000 0 0 0 0
07_0010 -200.000000 0 0 0 0
07_0011 -200.000000 0 0 0 0
07_0012 -200.000000 0 0 0 0
07_0013 -200.000000 0 0 0 0
07_0014 -200.000000 0 0 0 0
07_0015 -200.000000 0 0 0 0
07_0016 -200.000000 0 0 0 0
07_0017 -200.000000 0 0 0 0
07_0018 -200.000000 0 0 0 0
07_0019 -200.000000 0 0 0 0
07_0020 -200.000000 0 0 0 0
07_0021 -200.000000 0 0 0 0
07_0022 -200.000000 0 0 0 0
07_0023 -200.000000 0 0 0 0
07_0024 -200.000000 0 0 0 0
07_0025 -200.000000 0 0 0 0
07_0026 -200.000000 0 0 0 0
07_0027 -200.000000 0 0 0 0
07_0028 -200.000000 0 0 0 0
07_0029 -200.000000 0 0 0 0
07_0030 -200.000000 0 0 0 0
07_0031 -200.000000 0 0 0 0
07_0032 -200.000000 0 0 0 0
07_0033 -200.000000 0 0 0 0
07_0034 -200.000000 0 0 0 0
07_0035 -200.000000 0 0 0 0
07_0036 -200.000000 0 0 0 0
07_0037 -200.000000 0 0 0 0
07_0038 -200.000000 0 0 0 0
07_0039 -1.844522 14 44 193 132
07_0040 -1.819317 33 49 95 144
07_0041 -1.738562 1 65 81 176
07_0042 -1.685751 7 60 143 143
07_0043 -1.697940 1 151 208 219
07_0044 -1.737889 1 27 96 166
07_0045 -1.703655 1 1 82 149
07_0046 -1.643609 63 73 131 128
07_0047 -1.515911 1 38 224 134
07_0048 -1.445832 50 56 136 98
07_0049 -1.500301 1 1 181 72
07_0050 -1.350314 97 133 157 199
07_0051 -1.421137 10 39 186 132
07_0052 -1.491769 11 47 154 127
07_0053 -1.482234 92 119 160 177
07_0054 -1.409249 8 7 108 65
07_0055 -1.380265 118 124 181 196
07_0056 -1.328038 37 25 161 136
07_0057 -1.156216 9 1 160 102
07_0058 -1.032518 1 18 177 159
07_0059 -1.228879 1 1 161 94
07_0060 -1.423532 1 1 149 79
07_0061 -1.264264 1 1 164 74
07_0062 -1.581522 13 1 96 47
07_0063 -1.581114 160 1 239 131
07_0064 -1.449906 212 140 273 203
07_0065 -1.558848 207 145 268 192
07_0066 -1.626315 193 82 289 175
07_0067 -1.112670 212 152 285 240
07_0068 -1.372771 186 145 296 209
07_0069 -1.039932 209 150 280 240
07_0070 -1.293596 193 97 320 240
07_0071 -0.794792 215 134 292 240
07_0072 -0.911012 223 135 320 240
07_0073 -1.379967 238 134 320 240
07_0074 -1.622056 249 135 305 216
07_0075 -1.721014 202 1 273 84
07_0076 -1.628625 242 121 293 206
07_0077 -1.703675 257 108 299 156
07_0078 -1.583355 191 113 292 198
07_0079 -1.615601 201 96 307 180
07_0080 -1.739341 265 93 311 176
07_0081 -1.629995 256 80 309 177
07_0082 -1.571396 257 72 310 172
07_0083 -1.687954 255 62 308 173
07_0084 -1.554229 15 133 137 155
07_0085 -1.506063 168 80 291 168
07_0086 -1.571429 1 119 145 145
07_0087 -1.680786 1 117 168 140
07_0088 -1.659752 1 113 168 135
07_0089 -1.719537 161 32 305 112
07_0090 -1.744056 1 98 144 121
07_0091 -1.739783 143 29 257 73
07_0092 -1.797720 81 82 211 112
07_0093 -1.767694 65 73 176 93
07_0094 -1.828737 203 15 320 112
07_0095 -1.760344 97 58 286 121
07_0096 -200.000000 0 0 0 0
07_0097 -1.783224 48 85 272 136
07_0098 -1.842101 225 21 320 112
07_0099 -1.838860 96 80 240 112
07_0100 -1.790613 97 88 232 115
07_0101 -200.000000 0 0 0 0
07_0102 -1.815470 97 79 256 114
07_0103 -1.835866 258 16 308 47
07_0104 -1.804823 160 76 260 96
07_0105 -1.746590 113 59 288 105
07_0106 -1.775244 177 69 303 95
07_0107 -1.767684 96 60 292 82
07_0108 -1.777276 1 108 320 240
07_0109 -1.768056 1 114 320 240
07_0110 -1.851520 1 69 192 103
07_0111 -1.660455 31 51 192 80
07_0112 -1.762525 161 54 304 81
07_0113 -1.864444 166 65 320 87
07_0114 -1.694340 32 73 160 107
07_0115 -1.772524 128 121 216 176
07_0116 -1.801749 145 80 264 115
07_0117 -1.764107 160 81 261 130
07_0118 -1.711963 118 104 234 155
07_0119 -1.737403 161 103 256 147
07_0120 -1.714775 161 157 194 176
07_0121 -1.619079 173 156 199 176
07_0122 -1.628934 176 155 204 177
07_0123 -1.578523 1 13 99 134
07_0124 -1.612465 33 145 197 192
07_0125 -1.507557 49 154 183 191
07_0126 -1.498567 169 164 194 183
07_0127 -1.612437 164 161 200 180
07_0128 -1.630538 157 161 204 184
07_0129 -1.574433 153 164 186 183
07_0130 -1.762060 146 154 209 177
07_0131 -1.664573 144 158 189 180
07_0132 -1.478014 144 9 209 50
07_0133 -1.542536 143 154 188 176
07_0134 -1.670682 19 1 113 49
07_0135 -1.451545 15 1 96 34
07_0136 -1.831311 48 96 239 172
07_0137 -1.695558 126 139 193 159
07_0138 -1.686049 102 145 176 167
07_0139 -1.801662 48 67 207 115
07_0140 -1.774137 11 62 176 130
07_0141 -1.714698 113 103 317 198
07_0142 -1.739731 176 103 318 208
07_0143 -1.688891 176 77 320 240
07_0144 -1.667957 11 1 143 24
07_0145 -1.773044 123 89 317 160
07_0146 -1.767635 113 76 316 179
07_0147 -200.000000 0 0 0 0
07_0148 -1.779329 136 48 320 240
07_0149 -1.764675 146 43 320 240
07_0150 -1.830119 129 70 315 170
07_0151 -200.000000 0 0 0 0
07_0152 -200.000000 0 0 0 0
07_0153 -200.000000 0 0 0 0
07_0154 -200.000000 0 0 0 0
07_0155 -200.000000 0 0 0 0
07_0156 -200.000000 0 0 0 0
07_0157 -1.767062 33 33 192 136
07_0158 -1.770651 25 49 248 145
07_0159 -1.690667 66 13 234 103
07_0160 -1.633765 45 27 295 152
07_0161 -1.595680 34 17 304 163
07_0162 -1.505746 16 27 320 172
07_0163 -1.521408 33 16 313 179
07_0164 -1.366027 49 14 314 169
07_0165 -1.406653 56 17 312 174
07_0166 -1.543104 89 10 273 115
07_0167 -1.425811 47 18 311 176
07_0168 -1.539402 113 50 288 106
07_0169 -1.644550 97 33 240 106
07_0170 -1.378847 45 29 245 175
07_0171 -1.446031 109 62 272 136
07_0172 -1.465037 98 13 242 123
07_0173 -1.611519 30 192 113 219
07_0174 -1.552273 145 128 274 219
07_0175 -1.360729 112 68 288 152
07_0176 -1.423693 113 15 283 135
07_0177 -1.639444 145 154 272 240
07_0178 -1.302641 97 42 266 164
07_0179 -1.533663 128 25 272 123
07_0180 -1.364934 125 28 278 150
07_0181 -1.358609 96 39 251 167
07_0182 -1.294756 129 33 289 165
07_0183 -1.375661 128 90 288 163
07_0184 -1.330600 97 17 288 152
07_0185 -1.266959 81 33 272 160
07_0186 -1.352944 108 92 289 154
07_0187 -1.272416 33 167 293 227
07_0188 -1.193324 1 43 288 212
07_0189 -1.259068 1 160 230 213
07_0190 -1.299093 1 102 314 192
07_0191 -1.258967 112 146 240 202
07_0192 -1.313128 62 144 241 224
07_0193 -1.269893 1 150 156 240
07_0194 -1.127199 1 129 248 240
07_0195 -1.433370 1 154 113 224
07_0196 -1.563474 1 95 225 127
07_0197 -1.461711 1 33 276 124
07_0198 -1.448475 1 35 245 122
07_0199 -1.514386 186 131 248 161
07_0200 -1.573859 113 168 193 219
07_0201 -1.195501 1 29 256 167
07_0202 -1.551917 1 45 220 127
07_0203 -1.358498 1 33 254 131
07_0204 -1.383726 65 74 128 196
07_0205 -1.412607 50 73 115 176
07_0206 -1.495024 43 17 261 133
07_0207 -1.411201 45 64 130 191
07_0208 -1.519035 1 17 78 96
07_0209 -1.582420 47 87 81 115
07_0210 -1.561471 11 1 263 167
07_0211 -1.425782 34 53 94 176
07_0212 -1.498025 42 82 77 112
07_0213 -1.493146 33 53 98 213
07_0214 -1.249644 1 11 145 113
07_0215 -1.283216 1 1 235 131
07_0216 -1.411292 1 35 276 146
07_0217 -1.535113 1 49 257 128
07_0218 -1.418455 1 25 289 127
07_0219 -1.465901 1 49 161 112
07_0220 -1.404938 1 16 282 139
07_0221 -1.595302 53 13 279 116
07_0222 -1.573193 224 113 286 152
07_0223 -1.540455 1 18 256 91
07_0224 -1.695492 1 17 102 67
07_0225 -1.666355 111 80 251 115
07_0226 -1.571076 1 32 251 95
07_0227 -1.509895 121 81 240 102
07_0228 -1.392137 145 89 256 108
07_0229 -1.386672 1 86 243 115
07_0230 -1.433787 1 98 252 120
07_0231 -1.366614 1 96 265 120
07_0232 -1.456985 1 107 258 134
07_0233 -1.491737 1 16 288 137
07_0234 -1.537688 1 117 289 168
07_0235 -1.607300 1 132 288 180
07_0236 -1.487815 1 31 246 196
07_0237 -1.646504 1 63 248 208
07_0238 -1.637038 1 97 240 198
07_0239 -1.695804 1 54 310 225
07_0240 -1.533484 1 77 288 219
07_0241 -1.716574 7 28 309 240
07_0242 -1.830521 93 28 304 178
07_0243 -1.699777 240 31 312 128
07_0244 -1.728811 281 34 316 157
07_0245 -1.688886 1 17 160 212
07_0246 -1.712208 1 17 144 183
07_0247 -1.718241 105 32 152 79
07_0248 -1.718979 1 65 139 208
07_0249 -1.667622 33 11 163 114
07_0250 -1.703476 1 50 144 224
07_0251 -1.768228 1 48 113 192
07_0252 -1.815249 32 1 175 102
07_0253 -1.686246 128 42 303 215
07_0254 -1.730020 1 153 32 192
07_0255 -1.757015 1 1 261 114
07_0256 -1.684003 1 161 20 184
07_0257 -1.729535 112 47 162 104
07_0258 -1.652338 106 11 273 125
07_0259 -1.467561 116 14 289 122
07_0260 -1.655888 113 14 277 129
07_0261 -1.559481 1 189 33 220
07_0262 -1.504537 1 197 33 224
07_0263 -1.466507 1 194 49 226
07_0264 -1.673517 113 48 171 116
07_0265 -1.511863 1 193 43 228
07_0266 -1.536182 1 215 21 237
07_0267 -1.603534 106 32 183 115
07_0268 -1.616534 1 13 140 144
07_0269 -1.712547 116 41 165 98
07_0270 -1.687641 117 11 170 112
07_0271 -1.608155 1 177 40 209
07_0272 -1.613989 1 1 290 100
07_0273 -1.597131 118 17 224 129
07_0274 -1.389865 4 189 33 217
07_0275 -1.574660 112 34 181 120
07_0276 -1.496410 1 193 38 225
07_0277 -1.508361 111 17 185 113
07_0278 -1.545562 117 25 181 116
07_0279 -1.623857 98 14 168 104
07_0280 -1.533352 113 32 184 120
07_0281 -1.595898 97 16 180 100
07_0282 -1.628729 120 25 193 94
07_0283 -1.620106 109 1 207 94
07_0284 -1.629681 112 1 209 88
07_0285 -1.688871 127 1 209 91
07_0286 -1.537107 1 17 208 128
07_0287 -1.647846 110 1 215 115
07_0288 -1.573750 123 27 197 97
07_0289 -1.615964 119 28 167 106
07_0290 -1.592798 97 1 207 102
07_0291 -1.529102 3 1 256 84
07_0292 -1.609550 97 27 219 124
07_0293 -1.626167 128 13 225 145
07_0294 -1.527597 145 9 255 117
07_0295 -1.590995 112 17 225 113
07_0296 -1.608920 1 1 240 98
07_0297 -1.565704 117 8 227 113
07_0298 -1.565833 113 14 222 113
07_0299 -1.626722 121 15 217 113
07_0300 -1.650997 97 1 206 96
07_0301 -1.592025 126 11 182 112
07_0302 -1.638658 113 1 227 96
07_0303 -1.595081 129 13 206 104
07_0304 -1.555771 97 13 223 100
07_0305 -1.670364 50 1 224 104
07_0306 -1.658218 132 1 264 129
07_0307 -1.435188 44 1 273 118
07_0308 -1.473032 1 1 286 129
07_0309 -1.293354 81 33 254 149
07_0310 -1.557482 149 41 305 192
07_0311 -1.388882 105 30 248 174
07_0312 -1.515023 14 1 293 176
07_0313 -1.477968 128 43 296 180
07_0314 -1.527813 142 38 288 184
07_0315 -1.579375 134 41 268 185
07_0316 -1.572681 40 41 248 181
07_0317 -1.548568 141 37 296 185
07_0318 -1.531960 113 43 287 183
07_0319 -1.576663 143 38 289 184
07_0320 -1.661831 145 49 264 196
07_0321 -1.581178 132 46 306 198
07_0322 -1.577351 1 1 288 86
07_0323 -1.621385 144 58 275 206
07_0324 -1.537332 65 80 240 209
07_0325 -1.367045 81 71 278 214
07_0326 -1.428945 89 78 272 225
07_0327 -1.572358 120 91 251 225
07_0328 -1.364892 1 1 296 132
07_0329 -1.674505 167 105 303 151
07_0330 -1.454477 47 15 290 151
07_0331 -1.523641 81 17 290 157
07_0332 -1.720450 18 1 48 21
07_0333 -1.488746 1 1 289 182
07_0334 -1.619056 1 1 47 30
07_0335 -1.706307 1 1 112 56
07_0336 -1.657634 128 49 240 175
07_0337 -1.506358 256 1 298 22
07_0338 -1.499823 249 1 306 22
07_0339 -1.371818 241 1 297 22
07_0340 -1.466054 240 1 302 23
07_0341 -1.444534 237 1 297 33
07_0342 -1.340673 62 15 294 205
07_0343 -1.397870 225 1 289 25
07_0344 -1.316590 233 1 292 27
07_0345 -1.494388 236 1 294 32
07_0346 -1.583354 240 9 290 33
07_0347 -1.513879 209 1 280 27
07_0348 -1.518245 241 7 304 33
07_0349 -1.621912 255 14 315 82
07_0350 -1.621304 256 13 293 35
07_0351 -1.633498 1 70 272 240
07_0352 -1.568133 1 1 176 122
07_0353 -1.601559 257 16 299 49
07_0354 -1.483078 240 175 283 205
07_0355 -1.336413 264 188 289 209
07_0356 -1.523749 261 197 281 230
07_0357 -1.178128 25 7 102 82
07_0358 -0.624371 25 6 114 69
07_0359 -0.553509 23 9 111 70
07_0360 -0.448308 19 9 118 72
07_0361 -0.628236 20 13 111 80
07_0362 -0.648161 15 1 113 83
07_0363 -0.532019 12 17 110 87
07_0364 -0.557503 13 16 104 94
07_0365 -0.527537 14 24 110 88
07_0366 -0.611771 13 26 106 80
07_0367 -0.443947 11 12 102 101
07_0368 -0.405126 5 30 106 103
07_0369 -0.385948 10 17 103 104
07_0370 -0.407994 9 33 114 102
07_0371 -0.609602 15 34 105 83
07_0372 -0.244079 8 13 99 99
07_0373 -0.232435 1 17 104 110
07_0374 -0.212684 1 25 97 96
07_0375 -0.500434 1 8 97 109
07_0376 -0.223381 3 41 100 114
07_0377 -0.068082 3 41 104 92
07_0378 -0.279270 1 44 99 115
07_0379 -0.744889 20 46 100 98
07_0380 -0.432075 15 46 99 96
07_0381 -0.316001 1 39 101 91
07_0382 0.206203 1 48 106 112
07_0383 -0.035738 1 48 108 127
07_0384 0.267103 1 28 120 134
07_0385 0.050663 19 53 116 108
07_0386 0.339194 1 31 119 134
07_0387 0.471767 1 31 123 138
07_0388 0.014844 1 31 160 140
07_0389 0.014387 1 58 121 141
07_0390 0.165146 1 33 130 146
07_0391 -0.031040 1 67 150 129
07_0392 -0.337144 1 75 114 156
07_0393 0.109330 1 79 112 139
07_0394 -0.184543 1 87 104 144
07_0395 -0.094202 1 87 104 143
07_0396 -0.229336 1 89 95 142
07_0397 -0.593229 1 91 92 140
07_0398 -0.352091 1 97 98 151
07_0399 -0.362425 1 81 98 151
07_0400 -0.334864 1 101 95 161
07_0401 0.074579 1 98 104 157
07_0402 -0.019852 1 105 109 168
07_0403 0.178722 1 102 111 169
07_0404 0.225787 1 100 115 174
07_0405 0.285890 1 102 113 169
07_0406 -0.180448 1 103 116 178
07_0407 0.347222 1 97 120 171
07_0408 0.617010 1 97 127 166
07_0409 -0.595429 1 87 120 170
07_0410 -1.300830 1 114 125 167
07_0411 -1.208696 1 118 88 173
07_0412 -1.426447 30 69 97 114
07_0413 -1.405898 1 153 189 196
07_0414 -1.558458 1 62 75 102
07_0415 -1.588302 1 149 161 196
07_0416 -1.567836 1 151 162 195
07_0417 -1.743592 33 66 216 212
07_0418 -1.507157 1 151 128 193
07_0419 -1.645283 1 153 54 175
07_0420 -1.596449 7 121 153 206
07_0421 -1.660281 1 135 125 192
07_0422 -1.644392 73 181 192 212
07_0423 -1.651878 1 160 69 184
07_0424 -1.603327 52 160 224 232
07_0425 -1.573146 1 67 68 102
07_0426 -1.581056 1 64 79 114
07_0427 -1.601879 10 70 77 113
07_0428 -1.525356 1 65 97 187
07_0429 -1.234710 1 43 167 198
07_0430 -1.308052 1 33 191 203
07_0431 -1.452185 1 65 64 98
07_0432 -1.602184 1 175 81 196
07_0433 -1.655665 41 166 125 220
07_0434 -1.637224 1 167 74 192
07_0435 -1.710422 1 174 83 201
07_0436 -1.707506 1 48 65 100
07_0437 -1.721456 1 70 62 97
07_0438 -1.741606 1 68 57 98
07_0439 -1.763093 1 45 97 159
07_0440 -1.732733 1 29 64 84
07_0441 -1.644547 1 49 65 97
07_0442 -1.608593 1 117 66 177
07_0443 -1.271514 1 131 29 151
07_0444 -1.392574 1 105 80 175
07_0445 -1.194149 1 100 96 177
07_0446 -1.168868 1 96 107 172
07_0447 -1.123260 1 93 112 160
07_0448 -0.961696 1 89 125 177
07_0449 -0.936321 1 97 127 164
07_0450 -0.996705 1 92 122 157
07_0451 -0.886656 1 86 135 177
07_0452 -0.896833 1 87 155 193
07_0453 -0.737487 1 80 147 176
07_0454 -0.513596 1 75 152 175
07_0455 -0.586818 1 71 154 180
07_0456 -0.524111 1 64 163 158
07_0457 -0.365465 1 65 171 178
07_0458 -0.380845 1 60 177 166
07_0459 -0.346993 1 56 177 171
07_0460 -0.321899 1 55 170 142
07_0461 -0.430685 1 52 170 137
07_0462 -0.293960 1 47 168 166
07_0463 -0.291724 1 41 172 127
07_0464 -0.113686 1 19 180 163
07_0465 -0.121328 1 16 178 164
07_0466 -0.030011 1 16 179 160
07_0467 -0.028854 1 13 177 164
07_0468 -0.494607 1 30 158 115
07_0469 -0.478447 1 30 177 147
07_0470 -0.523652 1 38 162 163
07_0471 -0.705419 1 39 161 165
07_0472 -0.893666 1 18 176 162
07_0473 -0.741850 1 48 172 142
07_0474 -0.900642 1 49 193 139
07_0475 -0.584427 1 17 225 185
07_0476 -0.659984 1 56 182 167
07_0477 -0.381764 1 23 184 176
07_0478 -0.384849 1 24 194 172
07_0479 -0.214083 1 24 194 166
07_0480 -0.180945 1 16 225 165
07_0481 0.020038 1 37 234 146
07_0482 0.018654 13 31 239 139
07_0483 0.127917 24 35 251 161
07_0484 0.182532 1 20 253 122
07_0485 0.334307 13 19 257 117
07_0486 0.382192 1 14 255 120
07_0487 -0.115866 1 1 251 113
07_0488 -0.079771 1 1 252 109
07_0489 -0.802118 46 1 243 98
07_0490 -1.157163 81 6 243 100
07_0491 -0.928066 1 1 253 100
07_0492 -0.944094 54 1 243 89
07_0493 -1.028951 1 1 240 82
07_0494 -0.970266 89 1 228 92
07_0495 -1.149094 97 1 225 77
07_0496 -1.114647 1 1 211 120
07_0497 -1.180366 79 42 243 152
07_0498 -1.299155 1 1 230 88
07_0499 -1.150833 65 1 225 112
07_0500 -0.994984 71 1 241 107
07_0501 -1.220565 56 27 231 134
07_0502 -1.187022 140 56 166 115
07_0503 -1.296386 58 19 257 140
07_0504 -1.130824 97 12 246 98
07_0505 -1.327259 49 12 287 148
07_0506 -1.313607 116 15 289 97
07_0507 -1.253773 128 13 247 91
07_0508 -1.235451 145 48 172 139
07_0509 -1.173920 79 17 234 128
07_0510 -1.209685 113 1 214 81
07_0511 -1.103114 96 4 225 86
07_0512 -1.090288 72 4 239 96
07_0513 -1.101410 72 1 229 82
07_0514 -1.103351 81 19 232 130
07_0515 -1.229130 48 18 230 126
07_0516 -1.174446 66 15 233 128
07_0517 -1.303271 66 1 306 130
07_0518 -1.237382 129 49 157 97
07_0519 -1.149995 69 1 231 84
07_0520 -1.164404 50 17 267 130
07_0521 -1.119917 80 1 256 113
07_0522 -1.193881 49 17 223 128
07_0523 -1.161008 97 1 214 80
07_0524 -1.069832 64 17 225 130
07_0525 -1.292343 43 1 273 86
07_0526 -1.298039 124 57 161 146
07_0527 -1.192034 59 1 228 83
07_0528 -1.150119 58 17 224 133
07_0529 -1.014109 80 11 225 101
07_0530 -1.231086 97 1 235 119
07_0531 -1.183488 92 1 207 104
07_0532 -1.162182 64 1 207 112
07_0533 -1.261028 128 79 161 158
07_0534 -1.250641 81 39 180 114
07_0535 -1.191682 64 5 228 138
07_0536 -1.277250 129 50 185 106
07_0537 -1.445301 129 92 160 176
07_0538 -1.612512 65 42 144 189
07_0539 -1.674624 50 6 128 144
07_0540 -1.771552 1 11 69 65
07_0541 -200.000000 0 0 0 0
07_0542 -1.837030 28 175 193 232
07_0543 -1.773015 1 1 174 220
07_0544 -1.802019 1 1 224 233
07_0545 -1.781701 1 7 230 240
07_0546 -1.767380 42 18 228 240
07_0547 -1.723846 42 16 227 240
07_0548 -1.771973 81 32 193 121
07_0549 -1.791084 129 27 194 240
07_0550 -1.658949 49 50 143 240
07_0551 -1.780231 23 82 95 240
07_0552 -1.510892 86 199 153 236
07_0553 -1.594833 123 210 149 233
07_0554 -1.852957 129 207 166 229
07_0555 -1.714373 96 208 194 240
07_0556 -1.753421 122 210 148 238
07_0557 -1.686517 96 208 177 240
07_0558 -1.625017 124 209 143 230
07_0559 -1.383515 70 192 144 222
07_0560 -1.481786 28 166 160 215
07_0561 -1.570817 49 177 150 212
07_0562 -1.416090 49 173 150 224
07_0563 -1.522038 49 177 152 224
07_0564 -1.556368 1 124 197 240
07_0565 -1.488947 1 109 257 240
07_0566 -1.220231 1 11 110 160
07_0567 -1.149967 1 1 128 170
07_0568 -1.161647 1 1 136 175
07_0569 -1.223093 1 1 138 155
07_0570 -1.123818 1 1 152 162
07_0571 -1.106864 32 1 153 113
07_0572 -1.262501 72 1 160 128
07_0573 -1.390658 54 1 179 157
07_0574 -1.398618 11 16 124 111
07_0575 -1.435620 190 128 232 151
07_0576 -1.511774 147 114 225 186
07_0577 -1.492109 97 41 229 175
07_0578 -1.312997 173 104 241 168
07_0579 -1.303511 130 1 256 201
07_0580 -1.255836 99 26 300 193
07_0581 -1.365756 160 45 263 155
07_0582 -1.330033 121 28 267 150
07_0583 -1.292788 129 28 273 144
07_0584 -1.333530 128 12 273 138
07_0585 -1.300976 121 27 284 138
07_0586 -1.249573 143 11 280 129
07_0587 -1.297279 129 16 277 126
07_0588 -1.326039 112 11 279 123
07_0589 -1.278862 172 80 209 171
07_0590 -1.214804 108 44 306 162
07_0591 -1.260245 112 41 307 162
07_0592 -1.195766 103 44 276 160
07_0593 -1.253137 177 80 215 170
07_0594 -1.200632 108 16 301 160
07_0595 -1.343938 170 84 225 187
07_0596 -1.232576 111 18 296 163
07_0597 -1.262884 176 78 225 166
07_0598 -1.318993 177 81 227 176
07_0599 -1.265816 188 81 216 155
07_0600 -1.283687 185 80 224 173
07_0601 -1.265005 177 84 228 179
07_0602 -1.279338 185 80 219 174
07_0603 -1.280649 185 73 228 181
07_0604 -1.400081 180 81 230 176
07_0605 -1.247386 185 66 225 175
07_0606 -1.229594 189 80 224 176
07_0607 -1.237299 189 80 219 170
07_0608 -1.302402 186 80 224 179
07_0609 -1.272459 173 81 227 184
07_0610 -1.193630 185 80 225 170
07_0611 -1.044358 187 85 220 171
07_0612 -1.237886 185 90 218 160
07_0613 -1.221645 183 97 218 192
07_0614 -1.295787 178 102 210 177
07_0615 -1.221413 177 113 217 207
07_0616 -1.250297 181 116 213 178
07_0617 -1.262724 180 111 221 224
07_0618 -1.223155 101 79 306 198
07_0619 -1.064647 1 1 270 171
07_0620 -0.896767 1 1 317 182
07_0621 -0.783401 1 1 320 200
07_0622 -0.813713 1 1 320 215
07_0623 -1.017340 1 89 320 195
07_0624 -1.175639 1 73 272 157
07_0625 -1.117862 1 72 315 181
07_0626 -0.993876 1 1 320 196
07_0627 -1.173464 1 1 320 208
07_0628 -1.247802 1 1 320 192
07_0629 -1.320629 17 97 296 204
07_0630 -1.400060 1 1 320 191
07_0631 -1.114058 1 68 288 192
07_0632 -1.446131 87 89 293 184
07_0633 -1.303442 23 65 313 195
07_0634 -1.478765 1 1 320 212
07_0635 -1.337094 30 77 281 189
07_0636 -1.449378 40 78 306 187
07_0637 -1.679929 81 86 273 145
07_0638 -1.620659 177 144 229 188
07_0639 -1.585731 85 83 307 215
07_0640 -1.596600 193 145 235 210
07_0641 -1.500256 17 65 313 224
07_0642 -1.452047 15 59 310 180
07_0643 -1.709257 128 103 273 150
07_0644 -1.603215 116 104 289 223
07_0645 -1.725200 118 107 264 192
07_0646 -1.654880 117 105 257 161
07_0647 -1.609086 29 108 146 216
07_0648 -1.679367 111 99 280 216
07_0649 -1.753419 107 96 278 193
07_0650 -1.705135 101 90 290 208
07_0651 -1.598986 193 148 233 218
07_0652 -1.814267 194 128 242 240
07_0653 -1.685768 90 67 273 196
07_0654 -1.685548 192 143 240 220
07_0655 -1.727087 200 159 240 223
07_0656 -1.762154 160 162 243 240
07_0657 -1.561443 79 68 288 186
07_0658 -1.614871 59 79 262 210
07_0659 -1.531309 65 57 283 209
07_0660 -1.494183 189 168 215 229
07_0661 -1.643255 45 54 280 182
07_0662 -1.555692 183 164 211 212
07_0663 -1.687952 167 152 216 240
07_0664 -1.480936 171 158 213 225
07_0665 -1.214588 173 143 200 208
07_0666 -1.654397 161 150 215 240
07_0667 -1.529549 167 144 204 240
07_0668 -1.368420 160 145 192 191
07_0669 -1.347586 161 137 202 193
07_0670 -1.209758 151 127 193 224
07_0671 -1.567394 163 139 209 240
07_0672 -1.579498 159 143 208 240
07_0673 -1.309216 156 144 200 227
07_0674 -1.412290 160 130 204 240
07_0675 -1.218226 153 137 193 180
07_0676 -1.405012 162 146 201 212
07_0677 -1.354625 166 145 202 215
07_0678 -1.167588 163 144 198 226
07_0679 -1.254352 169 145 201 197
07_0680 -1.423931 160 129 210 240
07_0681 -1.275738 161 145 203 205
07_0682 -1.357319 172 144 208 213
07_0683 -1.362307 167 136 190 212
07_0684 -1.280060 161 135 208 200
07_0685 -1.274035 166 129 191 163
07_0686 -1.272071 175 135 194 161
07_0687 -1.344295 173 129 217 221
07_0688 -1.318306 170 128 196 193
07_0689 -1.288092 173 130 208 221
07_0690 -1.293918 172 130 205 220
07_0691 -1.362199 177 130 212 209
07_0692 -1.138383 170 127 210 223
07_0693 -1.368237 175 129 211 203
07_0694 -1.283783 172 137 216 228
07_0695 -1.454274 155 124 225 172
07_0696 -1.307180 161 128 205 178
07_0697 -1.377992 178 141 227 223
07_0698 -1.245643 176 135 223 222
07_0699 -1.237118 178 139 208 176
07_0700 -1.238670 175 135 223 208
07_0701 -1.424816 190 149 230 224
07_0702 -1.561849 185 139 235 240
07_0703 -1.409813 175 137 233 184
07_0704 -1.543389 183 145 224 174
07_0705 -1.596631 190 151 232 240
07_0706 -1.269745 168 139 222 185
07_0707 -1.319016 177 149 196 173
07_0708 -1.458603 159 141 212 197
07_0709 -1.327625 149 150 183 210
07_0710 -1.412875 134 139 176 193
07_0711 -1.487018 132 141 196 214
07_0712 -1.275189 137 150 171 193
07_0713 -1.220153 135 153 166 184
07_0714 -1.329898 135 151 170 223
07_0715 -1.382711 128 145 165 181
07_0716 -1.343607 135 155 154 177
07_0717 -1.275829 128 144 168 188
07_0718 -1.286980 125 144 160 211
07_0719 -1.274941 133 150 158 193
07_0720 -1.460556 129 137 175 240
07_0721 -1.426852 136 148 177 203
07_0722 -1.475576 140 145 183 228
07_0723 -1.371133 128 135 180 176
07_0724 -1.398124 137 128 184 240
07_0725 -1.565610 33 103 210 240
07_0726 -1.432506 148 145 185 201
07_0727 -1.256934 136 137 176 176
07_0728 -1.209413 133 137 176 215
07_0729 -1.385444 139 128 180 240
07_0730 -1.273535 145 141 170 185
07_0731 -1.529222 146 141 194 240
07_0732 -1.295741 131 136 176 192
07_0733 -1.347530 139 138 171 232
07_0734 -1.521453 146 154 189 240
07_0735 -1.292028 132 137 192 192
07_0736 -1.521736 156 149 198 237
07_0737 -1.359152 145 144 172 196
07_0738 -1.374960 120 141 183 181
07_0739 -1.293717 146 143 174 170
07_0740 -1.234083 143 128 177 189
07_0741 -1.287276 141 128 169 165
07_0742 -1.238172 136 125 192 181
07_0743 -1.128439 137 123 200 227
07_0744 -1.208479 129 109 181 161
07_0745 -1.255927 145 112 171 149
07_0746 -1.028828 139 118 196 224
07_0747 -1.265015 140 105 171 196
07_0748 -1.188795 149 119 196 225
07_0749 -1.264690 145 126 199 227
07_0750 -1.205697 139 113 168 144
07_0751 -1.226483 121 97 187 177
07_0752 -1.289862 142 114 166 145
07_0753 -1.129354 126 107 182 203
07_0754 -1.155514 142 114 174 176
07_0755 -1.182266 128 105 187 163
07_0756 -1.266468 145 113 175 160
07_0757 -1.203788 128 113 189 192
07_0758 -1.347341 155 128 203 232
07_0759 -1.306444 150 118 171 147
07_0760 -1.137114 128 96 197 216
07_0761 -1.210062 139 105 201 176
07_0762 -1.313399 153 111 216 240
07_0763 -1.172060 149 96 188 161
07_0764 -1.224502 163 119 207 203
07_0765 -1.228351 128 97 209 229
07_0766 -1.329532 165 121 219 238
07_0767 -1.192830 165 122 215 205
07_0768 -1.372165 169 126 222 240
07_0769 -1.290526 143 98 197 174
07_0770 -1.321407 155 111 190 160
07_0771 -1.189113 147 104 209 194
07_0772 -1.369466 149 104 204 169
07_0773 -1.249053 166 125 203 207
07_0774 -1.457034 167 148 194 176
07_0775 -1.496816 166 154 197 199
07_0776 -1.202833 154 142 208 193
07_0777 -1.288360 147 142 201 224
07_0778 -1.368600 144 129 210 192
07_0779 -1.395383 137 135 191 204
07_0780 -1.413579 139 134 197 179
07_0781 -1.363328 137 128 234 208
07_0782 -1.295155 134 122 215 200
07_0783 -1.388315 118 101 224 190
07_0784 -1.348738 144 112 192 177
07_0785 -1.352798 161 103 202 176
07_0786 -1.244041 153 99 208 142
07_0787 -1.294214 164 109 185 132
07_0788 -1.225703 145 93 219 161
07_0789 -1.353443 160 98 197 138
07_0790 -1.188746 144 97 204 158
07_0791 -1.217497 143 97 207 149
07_0792 -1.223625 157 102 185 134
07_0793 -1.257570 155 106 187 140
07_0794 -1.116170 141 93 193 152
07_0795 -1.222682 143 100 184 152
07_0796 -1.336648 150 108 219 240
07_0797 -1.137112 148 112 191 182
07_0798 -1.396164 159 137 211 240
07_0799 -1.193840 144 128 209 240
07_0800 -1.306319 143 120 226 208
07_0801 -1.177360 152 141 212 240
07_0802 -1.395226 157 145 213 240
07_0803 -1.209138 144 137 232 209
07_0804 -0.977684 144 129 217 203
07_0805 -1.206140 151 121 209 192
07_0806 -1.244679 143 126 242 224
07_0807 -1.336692 151 124 207 179
07_0808 -1.231376 149 111 217 193
07_0809 -1.329061 166 133 260 214
07_0810 -1.416446 156 123 242 240
07_0811 -1.275859 167 112 236 231
07_0812 -1.360489 165 108 218 167
07_0813 -1.389364 177 108 231 211
07_0814 -1.522984 179 102 232 149
07_0815 -1.319913 178 103 223 161
07_0816 -1.351501 171 90 224 177
07_0817 -1.257019 168 90 206 154
07_0818 -1.587670 177 90 256 135
07_0819 -1.313615 160 84 214 151
07_0820 -1.416785 138 81 241 148
07_0821 -1.338412 159 80 225 135
07_0822 -1.409526 134 80 244 186
07_0823 -1.315326 105 96 150 145
07_0824 -1.346322 44 97 160 168
07_0825 -1.127146 41 105 132 209
07_0826 -1.239722 51 111 107 162
07_0827 -1.095063 43 115 124 197
07_0828 -1.487335 1 105 130 240
07_0829 -1.233265 25 97 105 210
07_0830 -1.147434 33 111 129 202
07_0831 -1.513681 34 121 92 209
07_0832 -1.071138 22 107 132 193
07_0833 -1.064310 17 97 129 174
07_0834 -1.257612 30 96 130 192
07_0835 -1.291486 44 98 102 168
07_0836 -1.309103 45 96 124 193
07_0837 -1.302031 33 91 132 176
07_0838 -1.401412 56 91 96 168
07_0839 -1.207773 33 82 131 161
07_0840 -1.134474 34 82 130 176
07_0841 -1.386953 1 64 149 240
07_0842 -1.354494 33 60 153 133
07_0843 -1.245544 49 61 99 117
07_0844 -1.105948 36 50 130 149
07_0845 -1.324076 1 1 142 145
07_0846 -1.132400 37 38 146 107
07_0847 -1.141180 34 33 177 224
07_0848 -1.143137 65 32 156 129
07_0849 -1.144353 57 25 176 223
07_0850 -1.167715 58 28 188 240
07_0851 -1.206226 60 7 197 240
07_0852 -1.098602 17 7 200 108
07_0853 -1.134523 68 11 206 240
07_0854 -1.205022 85 10 182 160
07_0855 -1.134758 69 1 210 214
07_0856 -1.186301 95 1 215 240
07_0857 -1.176926 65 1 225 240
07_0858 -1.040052 87 1 261 240
07_0859 -1.124617 130 1 296 144
07_0860 -1.252988 161 1 298 182
07_0861 -1.381548 152 5 239 80
07_0862 -1.273862 136 1 256 107
07_0863 -1.433733 191 17 234 73
07_0864 -1.335448 144 1 255 129
07_0865 -1.457243 149 1 257 129
07_0866 -1.415768 209 1 301 66
07_0867 -1.474274 147 1 255 136
07_0868 -1.460418 112 1 256 143
07_0869 -1.512444 152 7 241 128
07_0870 -1.504784 146 1 242 117
07_0871 -1.476777 109 1 255 121
07_0872 -1.499954 126 1 251 114
07_0873 -1.468243 247 33 308 102
07_0874 -1.488093 139 1 243 115
07_0875 -1.456387 130 1 255 138
07_0876 -1.486383 102 1 258 208
07_0877 -1.412182 144 1 259 124
07_0878 -1.529371 151 1 234 113
07_0879 -1.609930 70 1 234 141
07_0880 -1.506231 160 1 243 103
07_0881 -1.525887 138 1 223 88
07_0882 -1.461187 151 1 256 114
07_0883 -1.564759 163 1 250 97
07_0884 -1.595792 201 1 290 134
07_0885 -1.506668 219 1 299 182
07_0886 -1.471723 219 1 270 97
07_0887 -1.421827 187 1 281 113
07_0888 -1.342509 215 1 264 73
07_0889 -1.482583 205 5 266 76
07_0890 -1.508698 209 1 265 79
07_0891 -1.470653 225 31 277 96
07_0892 -1.391565 224 1 287 104
07_0893 -1.418906 226 1 289 101
07_0894 -1.345728 225 1 283 113
07_0895 -1.495252 193 1 261 97
07_0896 -1.474865 225 36 244 56
07_0897 -1.396680 192 1 240 88
07_0898 -1.500593 190 1 271 160
07_0899 -1.458443 39 26 246 198
07_0900 -1.472358 262 80 283 153
07_0901 -1.507440 262 80 281 129
07_0902 -1.546382 193 31 294 151
07_0903 -1.642924 179 42 268 146
07_0904 -1.523361 49 80 240 164
07_0905 -1.508976 47 81 234 153
07_0906 -1.597611 1 1 266 232
07_0907 -1.520443 32 12 240 205
07_0908 -1.619615 194 44 282 197
07_0909 -1.602168 33 1 274 190
07_0910 -1.651438 231 138 277 208
07_0911 -1.549804 55 97 180 184
07_0912 -1.557230 50 25 239 224
07_0913 -1.497363 49 33 240 191
07_0914 -1.497726 34 66 247 208
07_0915 -1.558374 27 1 264 240
07_0916 -1.701884 7 1 271 192
07_0917 -1.545930 35 49 222 168
07_0918 -1.717854 177 1 303 43
07_0919 -200.000000 0 0 0 0
07_0920 -1.797983 18 64 229 148
07_0921 -1.668885 1 79 287 140
07_0922 -1.776862 60 133 225 221
07_0923 -1.754349 55 130 220 209
07_0924 -1.526944 88 143 219 232
07_0925 -1.525681 33 123 229 179
07_0926 -1.786988 80 138 212 209
07_0927 -1.844761 89 144 177 166
07_0928 -1.621704 76 126 229 209
07_0929 -1.738905 106 168 189 234
07_0930 -1.395936 54 91 181 226
07_0931 -1.538564 103 133 192 224
07_0932 -1.590882 100 132 169 224
07_0933 -1.477674 91 118 168 215
07_0934 -1.366398 85 65 211 225
07_0935 -1.258770 78 94 193 228
07_0936 -1.417167 65 47 210 240
07_0937 -1.167943 84 97 197 227
07_0938 -1.240226 73 97 224 224
07_0939 -1.370030 58 40 200 207
07_0940 -1.255337 64 39 192 223
07_0941 -1.256052 67 89 208 216
07_0942 -1.111666 48 38 192 224
07_0943 -1.187580 61 92 208 226
07_0944 -1.103753 44 80 207 227
07_0945 -1.162761 47 45 220 181
07_0946 -1.425397 69 96 192 170
07_0947 -1.189785 45 49 202 224
07_0948 -1.238721 53 88 189 160
07_0949 -1.351894 53 90 193 188
07_0950 -1.265312 53 90 193 177
07_0951 -1.182698 29 97 190 208
07_0952 -1.119747 32 107 167 162
07_0953 -1.304292 29 110 176 209
07_0954 -1.273364 1 39 226 192
07_0955 -1.102592 25 109 176 176
07_0956 -1.108758 28 112 177 168
07_0957 -1.106319 14 84 177 168
07_0958 -1.335744 30 60 224 176
07_0959 -1.426033 1 55 208 225
07_0960 -1.238835 45 62 182 215
07_0961 -1.286964 1 48 225 224
07_0962 -1.450628 1 39 288 221
07_0963 -1.122696 45 27 200 195
07_0964 -1.250269 62 29 223 208
07_0965 -1.170391 53 34 231 208
07_0966 -1.250828 76 49 198 205
07_0967 -1.130563 70 54 206 200
07_0968 -1.223236 80 53 224 201
07_0969 -1.237535 83 32 242 196
07_0970 -1.239442 80 32 259 207
07_0971 -1.177328 72 48 232 222
07_0972 -1.399643 91 61 192 208
07_0973 -1.249236 74 49 209 183
07_0974 -0.900312 30 32 220 200
07_0975 -1.158924 1 1 317 209
07_0976 -1.518994 1 81 306 240
07_0977 -1.427016 1 81 320 240
07_0978 -1.535549 33 94 316 224
07_0979 -1.680882 54 126 318 233
07_0980 -1.772584 110 184 272 229
07_0981 -1.727312 71 110 320 214
07_0982 -1.676444 1 176 287 240
07_0983 -1.640110 87 178 282 232
07_0984 -1.353734 33 150 272 222
07_0985 -1.357506 1 95 248 216
07_0986 -1.410271 1 107 315 240
07_0987 -1.430726 27 126 267 224
07_0988 -1.406186 17 117 257 209
07_0989 -1.361080 6 96 263 208
07_0990 -1.337034 8 86 269 208
07_0991 -1.368254 9 94 255 184
07_0992 -1.233356 1 81 288 193
07_0993 -1.267740 12 82 268 193
07_0994 -1.152736 1 47 267 208
07_0995 -1.451535 1 92 257 209
07_0996 -1.594064 1 1 311 202
07_0997 -1.263795 1 97 265 208
07_0998 -1.063715 1 32 312 191
07_0999 -1.306925 1 22 273 177
07_1000 -1.403668 1 47 273 154
07_1001 -1.355968 1 32 273 136
07_1002 -1.436033 1 41 209 161
07_1003 -1.312429 1 24 212 205
07_1004 -1.255591 11 40 195 200
07_1005 -1.127675 4 17 184 199
07_1006 -1.504420 1 1 207 216
07_1007 -1.499583 49 11 159 113
07_1008 -1.484617 54 12 170 127
07_1009 -1.305151 1 18 192 208
07_1010 -1.637316 1 96 161 178
07_1011 -1.575807 25 62 147 163
07_1012 -1.632955 56 59 149 111
07_1013 -1.658304 48 41 147 91
07_1014 -1.630089 9 108 161 155
07_1015 -1.490534 49 32 166 96
07_1016 -1.571274 59 55 154 97
07_1017 -1.631520 41 47 147 92
07_1018 -1.546062 1 33 187 191
07_1019 -1.568342 27 1 187 96
07_1020 -1.574836 25 37 128 99
07_1021 -1.566519 12 1 160 103
07_1022 -1.701216 9 32 97 79
07_1023 -1.688287 8 27 97 80
07_1024 -1.616092 9 25 113 78
07_1025 -1.638654 29 49 112 82
07_1026 -1.653027 16 30 113 72
07_1027 -1.499513 1 29 147 150
07_1028 -1.489232 32 32 193 168
07_1029 -1.511574 1 40 162 150
07_1030 -1.549799 32 31 149 80
07_1031 -1.489228 16 19 162 71
07_1032 -1.588461 17 26 129 66
07_1033 -1.579444 1 18 119 72
07_1034 -1.857067 1 49 96 131
07_1035 -1.806319 1 29 65 64
07_1036 -200.000000 0 0 0 0
07_1037 -1.823321 1 26 65 61
07_1038 -1.767255 1 46 102 151
07_1039 -1.871821 80 1 125 84
07_1040 -1.738985 1 1 160 192
07_1041 -1.712659 1 16 100 176
07_1042 -1.845886 68 27 117 192
07_1043 -1.871383 1 81 32 132
07_1044 -1.743495 1 30 97 83
07_1045 -1.788581 96 44 164 142
07_1046 -1.783997 96 49 176 145
07_1047 -1.656793 10 49 129 119
07_1048 -1.734400 1 69 96 120
07_1049 -1.670951 1 86 102 218
07_1050 -1.687831 1 39 132 165
07_1051 -1.704901 1 10 136 115
07_1052 -1.793299 26 50 136 160
07_1053 -1.714283 1 33 136 118
07_1054 -1.629983 4 89 104 145
07_1055 -1.593591 1 17 164 160
07_1056 -1.696227 1 113 129 208
07_1057 -1.665036 1 11 133 199
07_1058 -1.548792 1 1 179 212
07_1059 -1.607824 1 1 183 191
07_1060 -1.702780 1 32 186 176
07_1061 -1.599881 9 147 161 216
07_1062 -1.498701 6 153 176 225
07_1063 -1.591643 4 159 105 220
07_1064 -1.489842 6 153 166 225
07_1065 -1.610780 1 1 176 122
07_1066 -1.491240 1 143 104 218
07_1067 -1.499661 1 60 170 220
07_1068 -1.562640 10 161 145 225
07_1069 -1.541279 9 161 145 225
07_1070 -1.526070 1 117 86 208
07_1071 -1.478676 5 149 96 212
07_1072 -1.587589 11 154 105 224
07_1073 -1.617747 14 167 145 228
07_1074 -1.439000 5 153 124 227
07_1075 -1.592036 1 48 181 116
07_1076 -1.571917 1 82 137 204
07_1077 -1.557970 1 144 113 228
07_1078 -1.621464 1 153 144 222
07_1079 -1.534549 33 8 244 192
07_1080 -1.607927 89 63 204 165
07_1081 -1.532504 1 1 244 184
07_1082 -1.646513 12 45 135 83
07_1083 -1.602253 1 38 166 112
07_1084 -1.551919 96 73 192 137
07_1085 -1.669138 91 63 191 160
07_1086 -1.583953 1 29 138 86
07_1087 -1.558582 1 29 152 97
07_1088 -1.592346 1 23 133 80
07_1089 -1.619858 79 42 222 172
07_1090 -1.606520 17 35 232 186
07_1091 -1.593595 1 34 112 72
07_1092 -1.580958 1 17 141 85
07_1093 -1.595952 1 14 143 84
07_1094 -1.630734 1 8 243 199
07_1095 -1.602811 16 39 208 154
07_1096 -1.559814 99 64 202 135
07_1097 -1.589034 1 36 250 189
07_1098 -1.531359 64 50 230 177
07_1099 -1.562084 8 1 248 197
07_1100 -1.550410 1 33 247 194
07_1101 -1.574569 1 1 208 150
07_1102 -1.583526 1 27 116 63
07_1103 -1.570640 1 12 114 51
07_1104 -1.594418 1 1 241 166
07_1105 -1.576176 17 1 228 157
07_1106 -1.737820 32 109 230 240
07_1107 -1.539135 1 40 116 223
07_1108 -1.562899 1 160 182 224
07_1109 -1.542206 1 120 193 198
07_1110 -1.299015 13 78 203 161
07_1111 -1.306664 13 60 196 145
07_1112 -1.398918 41 74 189 137
07_1113 -1.402059 28 48 193 127
07_1114 -1.295949 32 48 212 126
07_1115 -1.354054 46 62 190 119
07_1116 -1.365269 32 16 217 129
07_1117 -1.510221 25 1 214 139
07_1118 -1.443994 41 80 192 163
07_1119 -1.422602 50 77 232 184
07_1120 -1.396447 31 34 196 113
07_1121 -1.478250 49 125 196 208
07_1122 -1.464245 32 65 235 216
07_1123 -1.467648 36 75 214 214
07_1124 -1.272963 41 55 200 124
07_1125 -1.387271 47 51 234 208
07_1126 -1.330688 55 65 205 209
07_1127 -1.355447 59 71 196 200
07_1128 -1.340886 56 68 196 197
07_1129 -1.320600 57 69 179 165
07_1130 -1.163995 24 53 184 160
07_1131 -1.106535 1 1 292 129
07_1132 -1.063422 1 40 201 145
07_1133 -1.065597 5 1 250 177
07_1134 -0.987980 20 48 256 134
07_1135 -1.056266 1 1 278 208
07_1136 -1.285908 40 51 233 176
07_1137 -1.303021 73 91 225 143
07_1138 -1.173821 33 65 216 180
07_1139 -1.139988 32 33 257 193
07_1140 -1.181070 37 48 224 200
07_1141 -1.154884 48 63 216 172
07_1142 -1.113857 48 52 234 192
07_1143 -1.129227 49 61 233 208
07_1144 -1.118150 48 47 254 192
07_1145 -1.050853 55 57 225 196
07_1146 -1.055259 48 49 232 154
07_1147 -1.325859 84 74 213 160
07_1148 -1.328176 89 77 221 160
07_1149 -1.290734 49 57 206 228
07_1150 -1.370973 63 74 225 240
07_1151 -1.312736 57 57 224 236
07_1152 -1.306651 62 36 232 240
07_1153 -1.128401 62 63 250 200
07_1154 -1.387213 57 48 242 240
07_1155 -1.450511 99 76 256 181
07_1156 -1.253828 90 96 240 200
07_1157 -1.386479 97 81 224 194
07_1158 -1.308347 102 110 229 205
07_1159 -1.289423 99 112 210 209
07_1160 -1.369106 96 97 260 226
07_1161 -1.541083 113 119 225 232
07_1162 -1.399387 114 123 221 192
07_1163 -1.388735 112 126 224 177
07_1164 -1.604251 112 120 217 240
07_1165 -1.499386 90 129 224 240
07_1166 -1.412464 90 123 226 240
07_1167 -1.497397 87 128 240 240
07_1168 -1.490875 89 97 216 240
07_1169 -1.405487 112 137 221 225
07_1170 -1.468173 92 97 227 240
07_1171 -1.429982 113 133 214 231
07_1172 -1.442622 113 131 217 206
07_1173 -1.503194 120 130 220 209
07_1174 -1.305758 96 78 225 193
07_1175 -1.306025 116 105 210 222
07_1176 -1.250424 89 71 246 226
07_1177 -1.393736 94 71 242 198
07_1178 -1.354871 106 67 225 201
07_1179 -1.436966 89 103 202 216
07_1180 -1.363790 117 105 200 195
07_1181 -1.313801 109 112 213 193
07_1182 -1.450188 91 74 224 222
07_1183 -1.442890 97 1 224 240
07_1184 -1.463225 144 1 201 41
07_1185 -1.525223 113 1 233 240
07_1186 -1.371955 79 1 225 240
07_1187 -1.496619 172 1 191 29
07_1188 -1.306392 118 1 214 191
07_1189 -1.385690 164 1 200 49
07_1190 -1.360882 162 1 201 63
07_1191 -1.499143 112 1 184 165
07_1192 -1.247338 87 1 225 215
07_1193 -0.957096 82 1 202 207
07_1194 -1.101910 106 1 208 180
07_1195 -1.181066 97 1 207 179
07_1196 -1.322898 106 1 211 170
07_1197 -1.487087 147 1 231 152
07_1198 -1.489972 2 115 175 240
07_1199 -1.548372 146 1 233 164
07_1200 -1.581970 107 103 212 240
07_1201 -1.366892 99 107 212 207
07_1202 -1.441406 235 196 282 221
07_1203 -1.530909 105 8 228 49
07_1204 -1.810479 1 76 315 217
07_1205 -1.566253 169 16 224 48
07_1206 -1.573596 128 17 225 50
07_1207 -1.594216 1 31 307 207
07_1208 -1.559891 1 32 316 210
07_1209 -1.644412 1 28 320 240
07_1210 -1.678553 1 17 307 150
07_1211 -1.699521 1 39 320 240
07_1212 -1.651649 1 33 141 113
07_1213 -1.695376 1 17 307 155
07_1214 -1.711638 20 28 161 106
07_1215 -1.659707 1 33 152 118
07_1216 -1.721163 1 57 113 128
07_1217 -1.599317 1 32 274 182
07_1218 -1.684702 1 33 142 119
07_1219 -1.657951 1 17 135 104
07_1220 -1.821873 1 97 37 134
07_1221 -1.698808 1 73 283 199
07_1222 -1.737429 1 29 112 118
07_1223 -1.856390 256 32 288 56
07_1224 -1.826946 283 49 307 72
07_1225 -1.768300 190 169 226 191
07_1226 -1.782543 1 17 241 100
07_1227 -1.753154 1 43 256 120
07_1228 -1.754620 1 31 96 76
07_1229 -1.747456 1 33 113 88
07_1230 -1.637476 1 31 208 115
07_1231 -1.587101 1 45 238 108
07_1232 -1.586000 1 43 230 87
07_1233 -1.601800 1 31 289 102
07_1234 -1.746019 1 55 241 126
07_1235 -1.653943 1 65 239 110
07_1236 -1.691269 1 74 145 110
07_1237 -1.626010 1 71 151 136
07_1238 -1.756535 1 72 132 108
07_1239 -1.659620 1 101 192 149
07_1240 -1.684829 1 84 192 176
07_1241 -1.691050 1 114 224 162
07_1242 -1.630769 1 65 208 168
07_1243 -1.612565 267 160 291 193
07_1244 -1.662993 272 160 296 184
07_1245 -1.609982 260 160 303 193
07_1246 -1.804616 64 117 136 152
07_1247 -1.809896 266 164 289 184
07_1248 -1.698413 65 61 257 164
07_1249 -1.698143 32 65 164 135
07_1250 -1.719997 85 17 176 82
07_1251 -1.680062 273 169 305 192
07_1252 -1.720426 150 15 216 56
07_1253 -1.766911 49 97 131 137
07_1254 -1.731548 160 23 193 52
07_1255 -1.703179 281 177 307 208
07_1256 -1.665095 73 17 216 74
07_1257 -1.306692 268 174 289 196
07_1258 -1.638491 236 149 273 177
07_1259 -1.694703 1 13 144 125
07_1260 -1.738377 1 60 129 138
07_1261 -1.597971 209 128 254 166
07_1262 -1.746346 89 6 209 34
07_1263 -1.686604 1 43 257 146
07_1264 -1.858835 1 1 296 148
07_1265 -1.780786 1 22 145 112
07_1266 -1.820843 1 79 161 140
07_1267 -200.000000 0 0 0 0
07_1268 -1.797416 1 46 96 109
07_1269 -1.782382 49 17 160 68
07_1270 -1.603917 225 144 287 188
07_1271 -1.718902 224 144 257 178
07_1272 -1.613062 245 150 303 177
07_1273 -1.846260 257 146 302 168
07_1274 -1.464106 257 144 289 183
07_1275 -1.697318 255 145 284 190
07_1276 -1.650972 255 144 288 177
07_1277 -1.680473 17 47 112 141
07_1278 -1.734281 121 18 193 61
07_1279 -1.650107 50 16 192 144
07_1280 -1.686869 123 14 179 43
07_1281 -1.676471 49 16 136 154
07_1282 -1.684242 126 1 272 42
07_1283 -1.622558 51 31 182 145
07_1284 -1.719178 256 153 304 191
07_1285 -1.645680 90 1 188 58
07_1286 -1.570264 58 44 193 171
07_1287 -1.639027 110 1 154 64
07_1288 -1.734928 1 65 219 240
07_1289 -1.611390 81 1 149 86
07_1290 -1.536763 97 1 181 97
07_1291 -1.372868 103 31 145 97
07_1292 -1.516760 92 17 135 97
07_1293 -1.488292 91 1 166 96
07_1294 -1.470958 82 5 128 116
07_1295 -1.632940 47 57 126 163
07_1296 -1.412800 76 1 167 126
07_1297 -1.585471 93 41 141 97
07_1298 -1.629074 69 1 152 106
07_1299 -1.675454 124 11 152 59
07_1300 -1.557284 82 1 145 42
07_1301 -1.324910 64 1 192 51
07_1302 -1.076602 58 1 197 53
07_1303 -1.033508 60 1 192 54
07_1304 -0.930966 53 1 189 55
07_1305 -1.132157 51 1 225 80
07_1306 -0.851791 49 1 193 57
07_1307 -0.936237 57 1 186 56
07_1308 -1.195212 50 1 193 82
07_1309 -0.843281 51 1 184 58
07_1310 -1.011274 54 1 185 69
07_1311 -0.846681 56 1 184 57
07_1312 -0.595807 52 1 188 62
07_1313 -0.700251 48 1 189 66
07_1314 -0.591558 56 1 186 59
07_1315 -0.223033 62 1 186 43
07_1316 -0.165649 61 1 188 38
07_1317 -0.014256 69 1 180 53
07_1318 -0.127361 36 1 167 56
07_1319 -0.188737 49 1 152 49
07_1320 -1.046660 71 1 160 53
07_1321 -0.712124 66 1 162 40
07_1322 -0.918644 55 1 150 43
07_1323 -0.676716 47 1 152 40
07_1324 -0.598647 56 1 149 36
07_1325 -1.205774 259 79 297 128
07_1326 -1.256334 256 72 280 111
07_1327 -1.207495 242 71 296 114
07_1328 -1.434255 73 183 262 240
07_1329 -1.442251 1 1 235 91
07_1330 -1.389004 161 193 241 226
07_1331 -1.261487 1 16 199 137
07_1332 -1.375382 1 1 283 139
07_1333 -1.541918 1 1 293 168
07_1334 -200.000000 0 0 0 0
07_1335 -200.000000 0 0 0 0
07_1336 -200.000000 0 0 0 0
07_1337 -200.000000 0 0 0 0
07_1338 -200.000000 0 0 0 0
07_1339 -200.000000 0 0 0 0
07_1340 -200.000000 0 0 0 0
07_1341 -200.000000 0 0 0 0
07_1342 -200.000000 0 0 0 0
07_1343 -200.000000 0 0 0 0
07_1344 -200.000000 0 0 0 0
07_1345 -200.000000 0 0 0 0
07_1346 -200.000000 0 0 0 0
07_1347 -200.000000 0 0 0 0
07_1348 -200.000000 0 0 0 0
07_1349 -200.000000 0 0 0 0
07_1350 -1.867399 146 169 232 215
07_1351 -1.273369 226 188 251 207
07_1352 -1.692294 123 152 232 229
07_1353 -1.843904 97 112 232 176
07_1354 -1.694803 65 111 220 183
07_1355 -200.000000 0 0 0 0
07_1356 -1.729160 1 75 223 144
07_1357 -200.000000 0 0 0 0
07_1358 -200.000000 0 0 0 0
07_1359 -200.000000 0 0 0 0
07_1360 -200.000000 0 0 0 0
07_1361 -200.000000 0 0 0 0
07_1362 -200.000000 0 0 0 0
07_1363 -200.000000 0 0 0 0
07_1364 -200.000000 0 0 0 0
07_1365 -200.000000 0 0 0 0
07_1366 -200.000000 0 0 0 0
07_1367 -200.000000 0 0 0 0
