07_0001 -1.550595 129 13 242 128
07_0002 -1.514251 1 43 241 240
07_0003 -1.522106 113 66 256 240
07_0004 -1.521514 152 108 245 240
07_0005 -1.527871 162 79 241 112
07_0006 -1.541831 161 50 228 240
07_0007 -1.583069 193 129 215 240
07_0008 -1.583412 192 93 306 240
07_0009 -1.575311 273 129 320 240
07_0010 -1.532178 162 128 320 240
07_0011 -1.542622 98 104 152 240
07_0012 -1.556033 273 128 320 240
07_0013 -1.540517 145 65 199 120
07_0014 -1.579400 299 145 320 240
07_0015 -1.577782 15 210 85 240
07_0016 -1.566099 71 219 112 240
07_0017 -1.560866 288 95 320 240
07_0018 -1.570054 290 33 320 240
07_0019 -1.575525 208 206 264 240
07_0020 -1.561111 34 215 64 240
07_0021 -1.534111 299 126 320 240
07_0022 -1.566072 16 210 62 240
07_0023 -1.567539 289 129 320 240
07_0024 -1.565566 301 152 320 240
07_0025 -1.543951 299 96 320 240
07_0026 -1.582308 290 218 317 240
07_0027 -1.559437 257 219 281 240
07_0028 -1.582013 225 206 248 240
07_0029 -1.568860 297 205 317 240
07_0030 -1.570606 172 218 200 240
07_0031 -1.571187 241 206 288 240
07_0032 -1.569479 80 53 144 240
07_0033 -1.564150 44 96 113 240
07_0034 -1.534138 49 195 144 240
07_0035 -1.550035 1 130 48 240
07_0036 -1.594286 129 129 208 240
07_0037 -1.507876 161 49 288 240
07_0038 -1.541430 146 97 236 240
07_0039 -1.564726 1 129 81 240
07_0040 -1.523805 1 119 49 240
07_0041 -1.534912 17 191 53 240
07_0042 -1.501029 8 161 223 240
07_0043 -1.446749 97 157 195 198
07_0044 -1.421628 66 99 192 153
07_0045 -1.408872 66 82 202 150
07_0046 -1.434796 63 63 182 134
07_0047 -1.425771 39 62 160 134
07_0048 -1.386518 145 69 223 130
07_0049 -1.322887 1 126 116 166
07_0050 -1.416119 1 105 104 179
07_0051 -1.437788 49 17 170 80
07_0052 -1.436556 1 102 112 175
07_0053 -1.440339 129 13 176 98
07_0054 -1.311552 82 48 224 150
07_0055 -1.408022 33 115 190 228
07_0056 -1.466354 23 1 128 81
07_0057 -1.350689 177 61 241 129
07_0058 -1.367175 129 153 200 195
07_0059 -1.162910 96 1 288 214
07_0060 -1.320311 135 130 212 176
07_0061 -1.431520 176 145 305 213
07_0062 -1.411245 171 26 263 128
07_0063 -1.277332 155 1 320 187
07_0064 -1.350284 160 1 320 176
07_0065 -1.331289 169 1 320 190
07_0066 -1.321460 193 82 289 175
07_0067 -1.364066 105 145 230 230
07_0068 -1.250411 198 109 295 175
07_0069 -1.400396 167 1 320 187
07_0070 -1.414121 193 97 288 196
07_0071 -1.339677 181 97 289 180
07_0072 -1.449471 1 156 187 240
07_0073 -1.246831 139 150 241 240
07_0074 -1.418528 201 1 320 193
07_0075 -1.415423 1 187 217 240
07_0076 -1.341786 139 153 248 240
07_0077 -1.259616 1 157 196 240
07_0078 -1.173653 139 106 320 240
07_0079 -1.191913 137 98 320 240
07_0080 -1.218445 139 95 320 240
07_0081 -1.287614 1 84 320 240
07_0082 -1.104846 97 1 317 209
07_0083 -1.263211 1 65 320 240
07_0084 -1.230525 1 55 320 240
07_0085 -1.243735 1 32 320 240
07_0086 -1.356199 144 52 320 176
07_0087 -1.319305 1 1 320 240
07_0088 -1.345726 1 61 268 151
07_0089 -1.411429 157 32 320 160
07_0090 -1.325527 1 98 100 122
07_0091 -1.401345 199 1 320 112
07_0092 -1.372229 205 1 320 106
07_0093 -1.441124 1 74 197 118
07_0094 -1.359895 225 1 320 106
07_0095 -1.266807 80 1 320 128
07_0096 -1.342410 62 1 320 118
07_0097 -1.313011 71 1 320 118
07_0098 -1.437440 90 71 262 97
07_0099 -1.431989 192 1 320 102
07_0100 -1.322058 160 1 320 110
07_0101 -1.327240 60 1 320 113
07_0102 -1.227937 129 1 320 113
07_0103 -1.160512 123 1 320 121
07_0104 -1.358558 152 1 320 124
07_0105 -1.296390 113 42 320 105
07_0106 -1.298615 1 1 320 176
07_0107 -1.407318 1 52 320 160
07_0108 -1.283320 1 62 320 148
07_0109 -1.264437 1 60 320 144
07_0110 -1.271424 1 56 320 143
07_0111 -1.257153 1 1 320 162
07_0112 -1.355063 1 54 320 159
07_0113 -1.384151 1 80 207 113
07_0114 -1.373335 1 1 320 240
07_0115 -1.300036 1 90 226 179
07_0116 -1.270035 93 108 209 175
07_0117 -1.220052 97 106 226 182
07_0118 -1.213142 1 49 312 202
07_0119 -1.242630 33 113 239 201
07_0120 -1.268267 1 99 250 217
07_0121 -1.169931 1 64 251 240
07_0122 -1.211682 1 66 320 240
07_0123 -1.091755 1 64 320 240
07_0124 -1.125067 1 97 269 240
07_0125 -1.004800 1 67 320 240
07_0126 -1.148288 1 81 305 240
07_0127 -1.053384 1 71 320 240
07_0128 -1.071217 1 67 317 218
07_0129 -1.029713 1 69 320 215
07_0130 -1.073947 1 108 245 203
07_0131 -1.210638 1 108 245 200
07_0132 -1.216247 1 75 315 196
07_0133 -1.322756 1 89 307 196
07_0134 -1.421782 1 96 259 200
07_0135 -1.434779 1 90 258 183
07_0136 -1.409677 113 86 250 115
07_0137 -1.445737 100 75 224 111
07_0138 -1.444092 192 57 256 80
07_0139 -1.451641 161 43 320 157
07_0140 -1.243855 160 1 320 128
07_0141 -1.444631 1 22 258 49
07_0142 -1.478753 186 1 320 22
07_0143 -1.273355 49 1 320 21
07_0144 -1.470694 193 24 320 131
07_0145 -1.489763 193 3 320 98
07_0146 -1.348888 177 9 320 96
07_0147 -1.529287 1 193 24 240
07_0148 -1.525736 97 54 212 96
07_0149 -1.527516 177 29 305 85
07_0150 -1.598295 80 54 214 93
07_0151 -1.643792 1 33 74 93
07_0152 -1.558116 1 135 48 240
07_0153 -1.537012 1 160 38 240
07_0154 -1.519530 1 172 48 240
07_0155 -1.538432 1 155 36 240
07_0156 -1.489052 177 54 280 107
07_0157 -1.487817 1 15 289 145
07_0158 -1.405028 18 57 279 145
07_0159 -1.312737 18 41 288 161
07_0160 -1.200849 1 27 320 173
07_0161 -1.199625 34 17 304 163
07_0162 -1.174635 16 27 320 172
07_0163 -1.185900 33 65 312 176
07_0164 -1.174424 1 47 320 198
07_0165 -1.195037 1 36 320 204
07_0166 -1.213411 45 48 312 176
07_0167 -1.177866 1 33 320 197
07_0168 -1.183510 1 49 288 195
07_0169 -1.158579 33 65 312 177
07_0170 -1.192803 1 1 320 195
07_0171 -1.158841 1 1 320 197
07_0172 -1.244916 1 49 316 202
07_0173 -1.248006 64 159 209 227
07_0174 -1.264456 1 65 190 205
07_0175 -1.222072 1 128 199 217
07_0176 -1.308462 1 1 228 160
07_0177 -1.216965 161 145 224 231
07_0178 -1.216794 1 145 192 229
07_0179 -1.280752 146 139 247 229
07_0180 -1.381378 59 41 320 240
07_0181 -1.149496 1 41 235 184
07_0182 -1.257831 184 169 224 220
07_0183 -1.308056 64 17 224 165
07_0184 -1.307586 16 144 177 230
07_0185 -1.224096 130 195 197 232
07_0186 -1.299472 151 64 320 208
07_0187 -1.180481 41 97 310 200
07_0188 -1.302227 1 122 317 200
07_0189 -1.115243 27 105 313 191
07_0190 -1.301191 41 152 187 196
07_0191 -1.401078 49 170 320 240
07_0192 -1.397695 13 144 158 178
07_0193 -1.458871 20 153 125 178
07_0194 -1.401823 1 130 144 172
07_0195 -1.550779 1 129 100 157
07_0196 -1.589699 113 10 207 49
07_0197 -1.613597 129 79 303 161
07_0198 -1.475479 266 1 320 28
07_0199 -1.603921 257 1 317 23
07_0200 -1.570401 130 10 192 34
07_0201 -1.471313 265 1 320 32
07_0202 -1.541503 1 69 60 97
07_0203 -1.536455 1 50 63 103
07_0204 -1.535326 1 49 69 109
07_0205 -1.508190 1 34 83 113
07_0206 -1.536053 90 169 153 216
07_0207 -1.587253 18 16 92 45
07_0208 -1.532260 1 29 49 95
07_0209 -1.514046 123 1 304 79
07_0210 -1.562770 1 32 48 62
07_0211 -1.471007 270 1 320 48
07_0212 -1.556832 258 17 312 65
07_0213 -1.562136 297 1 320 63
07_0214 -1.501884 1 37 69 105
07_0215 -1.590418 1 41 50 97
07_0216 -1.556036 1 68 50 92
07_0217 -1.619435 83 65 256 125
07_0218 -1.559011 1 32 112 66
07_0219 -1.584121 97 17 281 127
07_0220 -1.503088 33 64 265 134
07_0221 -1.683121 37 85 290 191
07_0222 -1.583359 193 78 302 153
07_0223 -200.000000 0 0 0 0
07_0224 -1.592938 1 46 241 104
07_0225 -1.664073 1 59 214 90
07_0226 -1.592111 272 1 320 127
07_0227 -1.679885 192 1 320 130
07_0228 -1.636174 27 132 287 210
07_0229 -1.648375 97 1 308 99
07_0230 -1.616861 80 157 273 202
07_0231 -1.657949 121 168 297 220
07_0232 -1.584396 193 81 307 114
07_0233 -200.000000 0 0 0 0
07_0234 -1.547245 57 85 316 158
07_0235 -1.684132 1 49 42 113
07_0236 -200.000000 0 0 0 0
07_0237 -1.624764 33 63 248 183
07_0238 -200.000000 0 0 0 0
07_0239 -1.596342 300 32 320 136
07_0240 -200.000000 0 0 0 0
07_0241 -1.621067 85 11 112 80
07_0242 -1.672233 1 75 49 171
07_0243 -1.655416 104 18 125 64
07_0244 -200.000000 0 0 0 0
07_0245 -1.673272 1 160 58 200
07_0246 -200.000000 0 0 0 0
07_0247 -1.660334 105 32 152 79
07_0248 -1.647305 1 9 139 208
07_0249 -1.568870 33 11 163 114
07_0250 -1.601463 1 50 144 224
07_0251 -1.593924 1 1 159 217
07_0252 -1.621036 103 1 175 97
07_0253 -1.579804 51 1 148 99
07_0254 -1.591427 60 1 150 86
07_0255 -1.522659 41 1 154 114
07_0256 -1.613029 1 1 154 192
07_0257 -1.465257 112 1 194 107
07_0258 -1.531966 113 17 177 119
07_0259 -1.548625 117 33 164 100
07_0260 -1.478365 121 32 172 109
07_0261 -1.572887 117 7 214 108
07_0262 -1.562708 121 13 193 106
07_0263 -1.610039 123 49 154 105
07_0264 -1.576183 109 1 166 116
07_0265 -1.486987 1 183 45 228
07_0266 -1.547798 20 1 192 96
07_0267 -1.598664 1 1 160 90
07_0268 -1.600325 114 1 174 96
07_0269 -1.578379 112 1 204 96
07_0270 -1.650454 1 1 166 151
07_0271 -1.602268 106 1 272 33
07_0272 -1.623603 125 1 208 100
07_0273 -1.523021 18 1 170 102
07_0274 -1.648654 123 43 166 102
07_0275 -1.499681 15 1 163 95
07_0276 -1.507377 21 1 162 101
07_0277 -1.500786 23 1 163 103
07_0278 -1.650036 117 1 181 116
07_0279 -1.566421 1 193 69 240
07_0280 -1.511515 9 1 166 92
07_0281 -1.506841 33 1 173 95
07_0282 -1.649481 120 25 193 94
07_0283 -1.328346 20 1 186 90
07_0284 -1.328851 1 1 187 80
07_0285 -1.282475 20 1 187 85
07_0286 -1.394439 1 1 186 88
07_0287 -1.326424 1 1 187 91
07_0288 -1.282245 1 1 190 112
07_0289 -1.291989 1 1 188 96
07_0290 -1.374338 1 1 240 144
07_0291 -1.320909 1 1 192 101
07_0292 -1.278119 41 1 193 96
07_0293 -1.345168 1 1 182 90
07_0294 -1.261293 27 1 195 100
07_0295 -1.331131 46 1 196 101
07_0296 -1.244109 34 1 194 98
07_0297 -1.243502 32 1 195 98
07_0298 -1.323876 1 1 198 98
07_0299 -1.427064 1 1 202 95
07_0300 -1.485982 1 1 206 101
07_0301 -1.302165 17 1 207 84
07_0302 -1.341431 42 1 212 86
07_0303 -1.335098 33 1 216 84
07_0304 -1.346535 37 1 216 80
07_0305 -1.396474 50 1 218 96
07_0306 -1.397590 17 1 224 114
07_0307 -1.307925 44 1 225 115
07_0308 -1.401916 1 1 228 129
07_0309 -1.365338 1 1 224 136
07_0310 -1.396622 4 1 225 160
07_0311 -1.385949 1 1 305 240
07_0312 -1.293944 128 1 317 185
07_0313 -1.393490 1 1 311 240
07_0314 -1.312839 125 1 315 184
07_0315 -1.429586 134 28 311 185
07_0316 -1.384845 145 12 315 194
07_0317 -1.455196 1 1 235 185
07_0318 -1.279236 31 25 231 164
07_0319 -1.439724 143 1 316 192
07_0320 -1.390283 3 1 225 162
07_0321 -1.332761 127 1 315 198
07_0322 -1.199319 1 50 235 172
07_0323 -1.373411 142 1 315 206
07_0324 -1.376348 165 1 315 204
07_0325 -1.374845 138 1 318 215
07_0326 -1.377678 17 1 314 207
07_0327 -1.408520 19 1 299 210
07_0328 -1.394821 1 93 236 240
07_0329 -1.312916 1 1 320 240
07_0330 -1.456708 1 1 320 240
07_0331 -1.519569 33 118 249 240
07_0332 -1.446057 1 117 239 240
07_0333 -1.545632 1 1 289 240
07_0334 -1.602193 1 47 306 240
07_0335 -1.616671 251 3 286 24
07_0336 -1.583609 1 50 304 240
07_0337 -1.315223 40 1 295 131
07_0338 -1.577141 1 63 289 240
07_0339 -1.629562 49 1 91 35
07_0340 -1.624260 1 63 303 240
07_0341 -1.616878 237 1 295 33
07_0342 -1.609714 39 9 95 56
07_0343 -1.559327 230 1 315 65
07_0344 -1.526354 229 1 316 65
07_0345 -1.572789 224 1 318 139
07_0346 -1.549037 1 92 240 240
07_0347 -1.490472 208 1 317 34
07_0348 -1.437737 205 1 304 32
07_0349 -1.557566 237 1 318 68
07_0350 -1.136620 193 1 320 64
07_0351 -1.548067 45 1 312 181
07_0352 -1.539390 289 1 320 240
07_0353 -1.492098 66 1 217 120
07_0354 -1.266841 233 1 318 60
07_0355 -1.305835 76 1 168 36
07_0356 -1.173186 1 1 87 78
07_0357 -1.235740 1 1 99 84
07_0358 -1.427456 174 1 316 196
07_0359 -1.299483 40 22 161 72
07_0360 -1.466511 1 1 80 162
07_0361 -1.299893 36 13 111 75
07_0362 -1.402034 12 17 71 80
07_0363 -1.266970 1 30 51 114
07_0364 -1.177802 13 38 48 120
07_0365 -1.254596 12 50 49 121
07_0366 -1.231687 27 47 145 84
07_0367 -1.330354 11 12 136 101
07_0368 -1.329114 31 55 88 113
07_0369 -1.263258 1 47 52 134
07_0370 -1.345096 25 52 90 96
07_0371 -1.388048 21 41 184 99
07_0372 -1.186957 22 56 96 109
07_0373 -1.310671 21 57 83 101
07_0374 -1.183334 23 62 96 121
07_0375 -1.252194 18 56 129 119
07_0376 -1.211822 20 61 134 110
07_0377 -1.321311 23 63 136 121
07_0378 -1.235301 17 64 149 113
07_0379 -1.262164 11 69 80 115
07_0380 -1.139935 16 69 88 111
07_0381 -1.105059 17 69 86 119
07_0382 -1.351357 13 71 80 124
07_0383 -1.097971 16 73 104 125
07_0384 -1.100256 14 78 102 128
07_0385 -1.207949 52 77 113 101
07_0386 -1.265265 1 44 63 162
07_0387 -1.022443 30 86 97 131
07_0388 -1.125307 33 87 80 133
07_0389 -1.199167 13 90 115 138
07_0390 -1.324934 1 36 90 215
07_0391 -1.155353 22 101 84 145
07_0392 -1.274242 21 109 128 176
07_0393 -1.316495 3 110 75 169
07_0394 -1.022980 13 112 102 181
07_0395 -1.250862 21 119 69 150
07_0396 -1.255123 1 118 97 164
07_0397 -1.163572 6 123 96 162
07_0398 -1.229900 17 125 79 151
07_0399 -1.291241 1 127 90 150
07_0400 -1.192630 1 127 80 166
07_0401 -1.235385 1 130 97 160
07_0402 -1.135447 5 133 102 164
07_0403 -1.016233 15 133 104 191
07_0404 -1.177949 7 129 165 182
07_0405 -1.155424 16 133 212 184
07_0406 -1.114621 9 130 104 167
07_0407 -1.044025 24 135 113 192
07_0408 -1.213835 12 133 214 170
07_0409 -1.094876 18 148 104 168
07_0410 -1.435613 1 159 117 218
07_0411 -1.640290 37 176 216 240
07_0412 -1.403891 1 61 97 115
07_0413 -1.501399 1 161 84 240
07_0414 -1.516380 64 179 186 224
07_0415 -1.483723 1 171 164 240
07_0416 -1.602607 1 108 198 199
07_0417 -1.477851 25 175 150 240
07_0418 -1.546101 1 162 144 240
07_0419 -1.475698 1 176 160 240
07_0420 -1.373548 11 187 148 240
07_0421 -1.353690 11 185 160 240
07_0422 -1.498885 64 199 186 240
07_0423 -1.280331 1 185 160 240
07_0424 -1.571314 1 156 81 193
07_0425 -1.266666 19 189 160 240
07_0426 -1.295051 18 190 195 240
07_0427 -1.336927 31 188 191 240
07_0428 -1.401490 1 191 218 240
07_0429 -1.340421 41 194 196 240
07_0430 -1.369847 49 195 195 240
07_0431 -1.455261 1 201 193 240
07_0432 -1.493054 1 191 132 240
07_0433 -1.447442 1 190 136 240
07_0434 -1.491652 1 182 160 240
07_0435 -1.534473 1 180 139 240
07_0436 -1.455073 1 184 129 240
07_0437 -1.446802 25 203 129 240
07_0438 -1.451446 1 179 149 240
07_0439 -1.447979 59 209 146 240
07_0440 -1.423164 1 182 145 240
07_0441 -1.495648 87 208 161 240
07_0442 -1.471471 17 197 178 240
07_0443 -1.419572 1 174 170 240
07_0444 -1.353912 81 208 191 240
07_0445 -1.460354 77 185 208 240
07_0446 -1.414729 82 191 240 240
07_0447 -1.385268 1 129 150 184
07_0448 -1.304748 66 185 234 240
07_0449 -1.351042 55 177 240 240
07_0450 -1.360623 33 184 192 240
07_0451 -1.383561 25 175 195 215
07_0452 -1.371771 50 183 272 240
07_0453 -1.288614 61 159 144 207
07_0454 -1.399782 1 133 115 209
07_0455 -1.412950 81 181 264 240
07_0456 -1.283195 47 180 256 240
07_0457 -1.338192 1 123 145 224
07_0458 -1.080607 33 122 123 144
07_0459 -1.143526 33 141 191 214
07_0460 -1.220175 26 120 176 196
07_0461 -1.129614 25 113 168 210
07_0462 -0.880539 30 110 144 209
07_0463 -1.308687 28 155 208 213
07_0464 -1.249093 29 104 248 193
07_0465 -1.095913 29 96 175 200
07_0466 -1.276976 1 84 152 201
07_0467 -1.187489 1 83 151 212
07_0468 -1.036620 29 85 129 186
07_0469 -1.357611 1 124 245 206
07_0470 -1.122354 73 131 144 182
07_0471 -1.208838 25 111 117 176
07_0472 -1.187126 18 110 113 195
07_0473 -1.044862 81 118 148 190
07_0474 -1.235197 1 100 157 222
07_0475 -1.067210 34 112 159 195
07_0476 -0.867985 72 123 154 180
07_0477 -1.102199 97 118 144 167
07_0478 -1.382879 1 108 177 223
07_0479 -0.923219 41 126 182 210
07_0480 -0.782322 53 111 176 200
07_0481 -1.116828 56 105 169 195
07_0482 -1.261065 144 106 209 178
07_0483 -0.881094 64 100 201 210
07_0484 -1.206279 65 97 273 210
07_0485 -1.100938 46 92 273 216
07_0486 -1.039283 129 88 220 181
07_0487 -1.307856 1 30 112 225
07_0488 -1.032533 47 75 214 197
07_0489 -0.948712 71 66 224 186
07_0490 -0.969186 64 60 209 197
07_0491 -1.045126 41 60 288 199
07_0492 -1.064556 66 57 184 146
07_0493 -1.033548 41 57 208 208
07_0494 -1.066319 144 63 179 153
07_0495 -1.106699 39 49 176 169
07_0496 -1.114094 122 61 200 166
07_0497 -1.190875 44 53 166 165
07_0498 -1.030712 123 72 199 160
07_0499 -1.185739 34 34 214 193
07_0500 -0.937324 142 63 192 149
07_0501 -1.222852 55 27 231 180
07_0502 -1.146404 68 58 209 178
07_0503 -1.009615 48 12 195 183
07_0504 -1.045644 132 51 208 151
07_0505 -1.180737 154 64 192 143
07_0506 -0.902358 66 14 211 176
07_0507 -1.138206 149 65 207 145
07_0508 -1.296384 52 1 310 176
07_0509 -1.186870 32 57 225 189
07_0510 -1.123309 133 74 182 151
07_0511 -1.286253 129 55 225 149
07_0512 -1.206172 49 65 243 183
07_0513 -1.224585 48 58 264 183
07_0514 -1.158658 49 58 248 178
07_0515 -1.229247 1 5 240 180
07_0516 -1.244104 1 56 246 179
07_0517 -1.157134 144 72 177 144
07_0518 -1.182201 1 1 229 208
07_0519 -1.265594 1 57 272 184
07_0520 -1.172451 1 1 233 193
07_0521 -1.210275 29 60 250 192
07_0522 -1.191069 128 56 193 152
07_0523 -1.245769 1 60 258 193
07_0524 -1.071307 33 37 204 184
07_0525 -1.078139 17 16 225 201
07_0526 -1.225259 131 65 192 149
07_0527 -1.152797 49 56 224 183
07_0528 -1.221675 139 64 184 149
07_0529 -1.233678 1 64 245 200
07_0530 -1.077205 33 71 214 200
07_0531 -1.230758 80 72 209 178
07_0532 -1.044648 129 77 192 176
07_0533 -1.184077 1 80 232 205
07_0534 -1.097640 1 81 224 209
07_0535 -0.878751 127 88 192 186
07_0536 -1.210497 105 89 216 188
07_0537 -1.189998 34 56 177 216
07_0538 -1.161972 1 18 306 240
07_0539 -1.612036 1 193 195 240
07_0540 -1.635469 1 160 240 240
07_0541 -1.645438 1 80 320 240
07_0542 -1.462916 1 139 288 240
07_0543 -1.592401 1 169 141 240
07_0544 -1.679435 1 177 144 240
07_0545 -1.646162 57 1 200 52
07_0546 -1.676371 1 1 186 45
07_0547 -1.645478 176 192 220 232
07_0548 -1.673699 1 1 188 50
07_0549 -1.407495 125 5 224 217
07_0550 -1.620036 1 1 210 240
07_0551 -200.000000 0 0 0 0
07_0552 -200.000000 0 0 0 0
07_0553 -200.000000 0 0 0 0
07_0554 -200.000000 0 0 0 0
07_0555 -1.661835 57 207 177 240
07_0556 -1.600719 57 202 176 240
07_0557 -1.638626 76 105 159 216
07_0558 -1.585945 61 207 135 233
07_0559 -1.482381 29 211 141 240
07_0560 -1.435384 1 208 140 240
07_0561 -1.400184 75 211 143 240
07_0562 -1.265678 1 192 131 224
07_0563 -1.255336 1 174 134 240
07_0564 -1.214038 1 188 145 226
07_0565 -1.335086 1 199 185 240
07_0566 -1.376075 1 121 118 216
07_0567 -1.484543 1 201 310 240
07_0568 -1.229084 33 173 146 225
07_0569 -1.199479 1 159 160 224
07_0570 -1.186138 57 172 160 225
07_0571 -1.269385 33 156 195 225
07_0572 -1.279280 98 160 166 208
07_0573 -1.141511 1 97 228 216
07_0574 -1.081825 15 83 137 217
07_0575 -1.134693 17 1 213 187
07_0576 -1.167489 1 74 145 192
07_0577 -1.014532 142 129 191 204
07_0578 -1.122935 120 113 224 209
07_0579 -0.946448 152 93 212 193
07_0580 -1.012314 145 73 221 197
07_0581 -1.052785 160 97 233 194
07_0582 -0.942609 146 96 250 200
07_0583 -0.895213 145 93 256 196
07_0584 -0.965060 145 50 305 201
07_0585 -1.057643 80 89 280 213
07_0586 -0.909610 160 80 257 188
07_0587 -1.016782 75 1 316 214
07_0588 -1.074481 1 25 278 240
07_0589 -1.046444 144 1 317 208
07_0590 -1.136633 64 1 306 192
07_0591 -1.122341 161 1 317 165
07_0592 -1.123153 71 1 313 188
07_0593 -1.146845 49 25 272 240
07_0594 -1.093606 72 1 314 182
07_0595 -1.107469 172 31 288 187
07_0596 -1.215442 79 1 315 178
07_0597 -1.300389 191 81 240 177
07_0598 -1.340660 192 149 241 179
07_0599 -1.319698 192 104 230 176
07_0600 -1.368182 190 57 241 179
07_0601 -1.349287 1 1 287 240
07_0602 -1.344098 193 130 219 174
07_0603 -1.367123 193 97 243 178
07_0604 -1.351357 77 1 293 190
07_0605 -1.364361 198 84 237 176
07_0606 -1.395794 196 122 224 176
07_0607 -1.306602 193 91 241 181
07_0608 -1.370346 197 130 219 175
07_0609 -1.321048 192 110 229 181
07_0610 -1.232459 193 80 235 188
07_0611 -1.403200 191 97 252 189
07_0612 -1.400231 187 121 232 193
07_0613 -1.362995 193 145 213 196
07_0614 -1.385759 57 1 320 240
07_0615 -1.307450 188 161 211 207
07_0616 -1.271493 189 128 220 214
07_0617 -1.205106 61 45 290 221
07_0618 -1.332388 189 163 211 216
07_0619 -1.286226 187 128 220 225
07_0620 -1.354874 190 140 219 224
07_0621 -1.401962 75 91 276 240
07_0622 -1.359878 53 100 271 240
07_0623 -1.334273 48 89 232 159
07_0624 -1.481559 76 102 294 174
07_0625 -1.296937 63 123 304 240
07_0626 -1.297345 64 117 307 240
07_0627 -1.183573 51 114 306 240
07_0628 -1.245382 62 117 308 240
07_0629 -1.125112 62 109 303 240
07_0630 -1.171022 47 95 306 240
07_0631 -1.091149 86 94 291 177
07_0632 -1.165152 87 89 293 184
07_0633 -1.226418 23 78 303 240
07_0634 -1.269830 34 76 311 240
07_0635 -1.259843 34 83 315 240
07_0636 -1.361216 40 79 306 187
07_0637 -1.319029 41 83 314 240
07_0638 -1.394348 40 65 274 240
07_0639 -1.401436 81 81 283 138
07_0640 -1.462761 37 80 312 240
07_0641 -1.331674 59 85 208 179
07_0642 -1.439854 1 64 288 240
07_0643 -1.447677 49 60 305 240
07_0644 -1.454937 46 1 320 240
07_0645 -1.479914 118 1 320 240
07_0646 -1.449837 112 1 320 240
07_0647 -1.462045 28 1 320 240
07_0648 -1.486600 113 1 320 240
07_0649 -1.460832 85 1 320 240
07_0650 -1.443315 97 89 273 240
07_0651 -1.447651 89 1 320 240
07_0652 -1.522914 289 1 320 240
07_0653 -1.444310 91 1 320 240
07_0654 -1.549084 273 1 320 240
07_0655 -1.498432 103 1 320 240
07_0656 -1.499819 204 184 230 240
07_0657 -1.559592 204 183 226 240
07_0658 -1.501169 204 182 224 240
07_0659 -1.590282 200 180 221 240
07_0660 -1.555156 191 180 216 240
07_0661 -1.411028 190 191 213 240
07_0662 -1.496969 190 179 211 240
07_0663 -1.458693 185 179 207 240
07_0664 -1.474722 181 177 208 240
07_0665 -1.580409 176 160 213 240
07_0666 -1.478207 179 176 203 240
07_0667 -1.439988 177 155 209 224
07_0668 -1.407040 175 191 204 240
07_0669 -1.388689 170 145 209 224
07_0670 -1.398594 165 143 212 235
07_0671 -1.315200 168 139 209 236
07_0672 -1.419267 166 146 203 219
07_0673 -1.255755 166 145 200 232
07_0674 -1.348111 172 201 199 240
07_0675 -1.379480 168 145 208 233
07_0676 -1.432795 162 146 202 221
07_0677 -1.370415 166 145 202 215
07_0678 -1.379965 176 201 204 240
07_0679 -1.457450 173 154 206 232
07_0680 -1.461128 169 150 213 240
07_0681 -1.440268 171 145 215 240
07_0682 -1.501451 172 144 213 240
07_0683 -1.394631 169 142 213 230
07_0684 -1.357234 180 145 216 240
07_0685 -1.349492 168 128 230 240
07_0686 -1.240820 173 130 224 231
07_0687 -1.300853 163 129 240 240
07_0688 -1.289255 174 129 220 227
07_0689 -1.235818 174 121 225 240
07_0690 -1.348266 175 134 240 240
07_0691 -1.300567 177 130 225 240
07_0692 -1.315421 173 130 239 237
07_0693 -1.378547 176 129 230 240
07_0694 -1.398389 167 135 246 233
07_0695 -1.423265 184 153 220 240
07_0696 -1.422023 190 194 216 240
07_0697 -1.502018 187 141 232 232
07_0698 -1.503412 190 157 212 209
07_0699 -1.334466 188 140 231 232
07_0700 -1.237544 188 145 233 233
07_0701 -1.388710 192 167 211 205
07_0702 -1.442477 189 147 236 240
07_0703 -1.420430 200 205 224 240
07_0704 -1.334008 195 148 235 240
07_0705 -1.373567 189 151 232 240
07_0706 -1.394270 187 168 210 219
07_0707 -1.338577 175 121 225 240
07_0708 -1.370992 173 149 213 233
07_0709 -1.469440 156 150 209 240
07_0710 -1.231115 155 152 199 240
07_0711 -1.412377 145 153 197 240
07_0712 -1.453189 140 154 192 240
07_0713 -1.306479 137 155 185 240
07_0714 -1.339339 141 163 181 240
07_0715 -1.256655 139 152 184 240
07_0716 -1.357197 146 206 174 240
07_0717 -1.347129 138 151 187 240
07_0718 -1.477692 139 160 181 240
07_0719 -1.413725 139 150 184 240
07_0720 -1.335313 137 150 184 240
07_0721 -1.305613 136 148 184 234
07_0722 -1.320282 138 152 186 240
07_0723 -1.328006 146 162 173 224
07_0724 -1.328504 150 162 174 226
07_0725 -1.359324 143 139 198 240
07_0726 -1.336559 156 201 188 240
07_0727 -1.327441 149 153 186 220
07_0728 -1.345829 149 152 192 240
07_0729 -1.221086 151 142 193 237
07_0730 -1.370899 150 153 178 209
07_0731 -1.346192 145 141 194 240
07_0732 -1.300899 146 142 195 236
07_0733 -1.312196 149 153 179 216
07_0734 -1.318217 157 202 189 240
07_0735 -1.264345 150 145 197 238
07_0736 -1.197630 156 149 198 237
07_0737 -1.284858 151 148 201 240
07_0738 -1.230463 156 172 181 224
07_0739 -1.276569 161 195 186 225
07_0740 -1.252101 154 139 203 240
07_0741 -1.277766 160 188 192 240
07_0742 -1.246416 157 193 196 240
07_0743 -1.323227 160 133 202 240
07_0744 -1.224100 157 161 194 240
07_0745 -1.334742 156 194 194 240
07_0746 -1.324467 157 193 196 240
07_0747 -1.218883 156 176 194 228
07_0748 -1.292344 157 184 193 240
07_0749 -1.319748 152 177 197 240
07_0750 -1.188637 155 166 197 240
07_0751 -1.271421 158 187 192 240
07_0752 -1.226975 155 173 198 240
07_0753 -1.283610 160 125 204 240
07_0754 -1.194853 156 189 195 240
07_0755 -1.119029 158 177 186 209
07_0756 -1.196205 159 191 199 240
07_0757 -1.448123 154 138 202 240
07_0758 -1.251499 162 189 204 240
07_0759 -1.350126 163 119 209 240
07_0760 -1.199319 165 190 207 240
07_0761 -1.266232 169 193 206 240
07_0762 -1.148569 170 185 208 240
07_0763 -1.206959 173 174 214 240
07_0764 -1.272919 174 176 206 212
07_0765 -1.190775 172 176 212 240
07_0766 -1.345099 168 140 219 240
07_0767 -1.392906 182 135 229 240
07_0768 -1.246350 177 160 207 224
07_0769 -1.236260 181 187 223 240
07_0770 -1.230687 182 183 219 240
07_0771 -1.238396 183 199 222 240
07_0772 -1.305150 177 171 211 240
07_0773 -1.266384 174 158 211 240
07_0774 -1.253238 170 145 221 240
07_0775 -1.329054 168 153 220 240
07_0776 -1.225763 167 155 216 240
07_0777 -1.321542 161 161 214 240
07_0778 -1.372925 173 212 207 240
07_0779 -1.345176 165 174 192 224
07_0780 -1.335759 169 160 213 240
07_0781 -1.341834 172 189 207 240
07_0782 -1.211368 172 150 215 240
07_0783 -1.210649 169 145 222 240
07_0784 -1.319450 169 163 199 222
07_0785 -1.122424 169 107 233 238
07_0786 -1.348196 177 176 229 240
07_0787 -1.271558 169 127 206 191
07_0788 -1.273949 177 161 221 240
07_0789 -1.222612 171 130 204 193
07_0790 -1.227842 174 116 227 240
07_0791 -1.160686 169 129 204 192
07_0792 -1.208462 165 127 206 209
07_0793 -1.292299 173 185 217 240
07_0794 -1.289097 172 177 216 240
07_0795 -1.191894 172 188 211 240
07_0796 -1.258331 171 191 214 240
07_0797 -1.254820 172 192 210 240
07_0798 -1.182361 173 196 211 240
07_0799 -1.415062 176 220 207 240
07_0800 -1.219006 174 209 211 240
07_0801 -1.469739 173 177 214 240
07_0802 -1.447466 174 176 229 240
07_0803 -1.437811 175 175 207 240
07_0804 -1.476991 173 157 226 240
07_0805 -1.281685 181 141 233 240
07_0806 -1.369521 190 215 228 240
07_0807 -1.319669 190 203 228 240
07_0808 -1.341347 185 167 224 225
07_0809 -1.374876 188 166 226 231
07_0810 -1.369957 208 201 242 240
07_0811 -1.402028 193 155 233 224
07_0812 -1.303653 190 154 227 212
07_0813 -1.367685 191 151 241 240
07_0814 -1.355401 201 125 265 240
07_0815 -1.316828 189 142 243 240
07_0816 -1.198089 199 119 264 240
07_0817 -1.219970 195 121 258 240
07_0818 -1.324074 188 131 261 240
07_0819 -1.183163 198 117 261 240
07_0820 -1.259174 178 106 256 240
07_0821 -1.268927 187 145 244 240
07_0822 -1.297118 173 155 224 240
07_0823 -1.315634 123 145 165 240
07_0824 -1.325574 85 153 115 223
07_0825 -1.372847 77 155 111 200
07_0826 -1.365045 81 194 125 240
07_0827 -1.353426 73 161 113 240
07_0828 -1.379549 89 208 111 240
07_0829 -1.391878 65 157 89 178
07_0830 -1.489084 44 109 134 150
07_0831 -1.403506 65 157 95 207
07_0832 -1.452558 76 140 129 240
07_0833 -1.395136 73 129 134 240
07_0834 -1.315328 75 135 134 240
07_0835 -1.385719 76 131 128 240
07_0836 -1.350997 65 132 137 240
07_0837 -1.411886 71 173 124 240
07_0838 -1.361675 81 203 130 240
07_0839 -1.451086 63 115 89 138
07_0840 -1.424019 67 126 97 192
07_0841 -1.449122 62 90 134 240
07_0842 -1.353166 33 60 89 160
07_0843 -1.332199 64 89 168 240
07_0844 -1.407874 88 174 152 240
07_0845 -1.380349 67 81 168 240
07_0846 -1.293268 83 130 129 210
07_0847 -1.346459 53 18 186 240
07_0848 -1.359377 113 169 177 240
07_0849 -1.314967 85 50 204 240
07_0850 -1.312227 88 49 207 240
07_0851 -1.264957 98 73 152 175
07_0852 -1.351101 96 65 154 160
07_0853 -1.255420 101 62 165 192
07_0854 -1.286978 103 59 164 174
07_0855 -1.219020 119 138 188 240
07_0856 -1.249500 105 59 153 152
07_0857 -1.260536 128 16 225 240
07_0858 -1.230754 153 28 273 240
07_0859 -1.240207 177 77 255 191
07_0860 -1.239698 193 76 259 151
07_0861 -1.194779 188 79 285 240
07_0862 -1.257076 173 57 286 240
07_0863 -1.217983 170 97 284 240
07_0864 -1.213066 179 72 286 240
07_0865 -1.194318 183 98 286 240
07_0866 -1.211394 174 108 295 240
07_0867 -1.173811 184 96 288 240
07_0868 -1.275187 177 50 287 240
07_0869 -1.229894 185 82 282 240
07_0870 -1.204195 177 54 289 240
07_0871 -1.336203 175 138 292 240
07_0872 -1.271922 178 81 280 240
07_0873 -1.303223 177 96 286 240
07_0874 -1.189355 167 79 285 240
07_0875 -1.246718 162 92 276 240
07_0876 -1.173752 128 80 290 240
07_0877 -1.276197 111 76 287 240
07_0878 -1.271065 94 23 241 240
07_0879 -1.307749 129 116 274 240
07_0880 -1.255919 97 128 289 240
07_0881 -1.245605 97 18 240 240
07_0882 -1.364758 144 49 245 176
07_0883 -1.403691 171 62 303 240
07_0884 -1.397950 225 81 276 240
07_0885 -1.411351 218 97 296 240
07_0886 -1.302822 178 33 278 240
07_0887 -1.410343 241 100 296 240
07_0888 -1.360197 192 31 276 225
07_0889 -1.220405 113 29 288 240
07_0890 -1.451901 243 54 293 144
07_0891 -1.451522 256 75 295 240
07_0892 -1.342772 241 47 288 240
07_0893 -1.382508 144 47 293 240
07_0894 -1.315129 227 34 275 95
07_0895 -1.294542 107 97 278 240
07_0896 -1.279083 65 1 256 126
07_0897 -1.342704 47 1 233 128
07_0898 -1.366272 228 108 269 176
07_0899 -1.359830 39 1 274 170
07_0900 -1.447065 209 94 278 161
07_0901 -1.369729 49 1 272 161
07_0902 -1.357486 86 98 320 240
07_0903 -1.372627 81 36 267 240
07_0904 -1.377392 109 128 307 240
07_0905 -1.415961 83 113 256 208
07_0906 -1.483433 75 129 259 240
07_0907 -1.355064 71 85 277 192
07_0908 -1.496371 194 44 275 178
07_0909 -1.453129 59 109 274 240
07_0910 -1.495408 34 1 272 178
07_0911 -1.442035 55 113 290 240
07_0912 -1.406655 32 1 261 146
07_0913 -1.550181 65 1 274 240
07_0914 -1.477324 113 171 257 240
07_0915 -1.466234 27 1 264 138
07_0916 -1.541189 112 170 194 240
07_0917 -1.422038 121 183 191 240
07_0918 -1.409114 118 193 200 240
07_0919 -1.472307 121 177 206 240
07_0920 -1.453643 112 190 184 240
07_0921 -1.526815 1 81 249 138
07_0922 -1.613803 103 201 177 230
07_0923 -1.449914 97 188 216 240
07_0924 -1.545863 1 140 200 240
07_0925 -1.509229 86 148 192 240
07_0926 -1.456243 1 107 176 240
07_0927 -1.458737 99 161 208 240
07_0928 -1.467061 130 150 211 240
07_0929 -1.390391 106 145 234 240
07_0930 -1.447717 119 159 193 194
07_0931 -1.468334 104 147 189 215
07_0932 -1.417864 106 137 188 180
07_0933 -1.235813 95 73 243 224
07_0934 -1.352545 113 122 190 164
07_0935 -1.354388 107 112 193 142
07_0936 -1.243197 108 110 194 145
07_0937 -1.301299 109 107 193 144
07_0938 -1.296112 108 111 193 166
07_0939 -1.223980 101 107 193 145
07_0940 -1.303524 103 106 191 136
07_0941 -1.212300 97 109 192 145
07_0942 -1.214377 97 108 193 160
07_0943 -1.241391 90 110 200 160
07_0944 -1.125862 89 109 200 160
07_0945 -1.150327 80 113 198 160
07_0946 -1.127156 81 108 192 160
07_0947 -1.131543 80 104 196 161
07_0948 -1.278357 71 110 192 166
07_0949 -1.196289 73 114 157 154
07_0950 -1.181179 75 108 189 165
07_0951 -1.266231 81 113 190 177
07_0952 -1.315915 55 129 160 167
07_0953 -1.365944 58 136 161 168
07_0954 -1.424851 46 146 162 203
07_0955 -1.280798 47 142 161 177
07_0956 -1.334904 65 140 161 166
07_0957 -1.216992 80 121 176 146
07_0958 -1.241485 50 89 178 147
07_0959 -1.205952 93 62 208 160
07_0960 -1.282973 81 65 256 144
07_0961 -1.217660 92 80 162 129
07_0962 -1.197208 95 75 163 133
07_0963 -1.211564 95 70 174 128
07_0964 -1.198165 101 61 179 128
07_0965 -1.289114 99 68 171 135
07_0966 -1.214560 112 77 182 127
07_0967 -1.252645 108 22 208 128
07_0968 -1.324737 1 38 185 211
07_0969 -1.385591 90 45 160 176
07_0970 -1.283453 113 81 178 145
07_0971 -1.203789 112 47 243 136
07_0972 -1.245141 105 53 256 161
07_0973 -1.245771 117 78 226 177
07_0974 -1.375321 123 112 217 197
07_0975 -1.506463 107 147 190 225
07_0976 -1.408242 51 1 288 174
07_0977 -1.527165 72 63 301 190
07_0978 -1.649420 63 94 302 210
07_0979 -1.612163 145 119 307 175
07_0980 -1.589625 1 202 116 233
07_0981 -1.625020 82 110 320 192
07_0982 -1.618503 97 95 320 195
07_0983 -1.577477 123 96 304 191
07_0984 -1.333989 33 162 184 222
07_0985 -1.314215 1 118 225 225
07_0986 -1.359780 54 148 162 193
07_0987 -1.379589 1 161 112 240
07_0988 -1.196113 98 115 288 192
07_0989 -1.274444 55 126 175 224
07_0990 -1.253046 66 97 257 192
07_0991 -1.261933 97 97 209 150
07_0992 -1.281497 66 113 208 208
07_0993 -1.389584 9 128 94 224
07_0994 -1.311422 71 113 255 196
07_0995 -1.275509 1 134 108 225
07_0996 -1.309478 16 151 99 206
07_0997 -1.269002 1 97 240 184
07_0998 -1.196453 1 81 248 167
07_0999 -1.385376 1 80 260 175
07_1000 -1.345442 90 75 289 161
07_1001 -1.314615 54 56 272 144
07_1002 -1.326487 31 31 184 91
07_1003 -1.328798 65 27 201 139
07_1004 -1.309599 65 1 254 96
07_1005 -1.204334 81 1 213 112
07_1006 -1.443331 80 22 160 63
07_1007 -1.429274 62 14 168 92
07_1008 -1.309652 48 5 165 69
07_1009 -1.465542 75 12 145 56
07_1010 -1.531630 45 1 194 103
07_1011 -1.273710 80 1 154 53
07_1012 -1.058357 69 1 145 64
07_1013 -1.272289 70 1 153 68
07_1014 -1.460831 78 1 154 40
07_1015 -1.328144 74 1 147 64
07_1016 -1.426538 63 1 164 88
07_1017 -1.628141 41 1 97 72
07_1018 -1.545045 45 1 144 83
07_1019 -1.577430 35 1 142 83
07_1020 -1.553767 34 1 148 88
07_1021 -1.560777 12 1 138 82
07_1022 -1.681612 61 1 144 64
07_1023 -200.000000 0 0 0 0
07_1024 -1.530899 18 1 127 68
07_1025 -200.000000 0 0 0 0
07_1026 -200.000000 0 0 0 0
07_1027 -200.000000 0 0 0 0
07_1028 -200.000000 0 0 0 0
07_1029 -200.000000 0 0 0 0
07_1030 -1.647090 55 1 165 57
07_1031 -1.559436 16 19 162 71
07_1032 -1.588119 15 1 155 64
07_1033 -1.634922 1 1 140 63
07_1034 -1.641890 136 1 320 180
07_1035 -1.661930 134 1 320 120
07_1036 -200.000000 0 0 0 0
07_1037 -200.000000 0 0 0 0
07_1038 -200.000000 0 0 0 0
07_1039 -200.000000 0 0 0 0
07_1040 -200.000000 0 0 0 0
07_1041 -200.000000 0 0 0 0
07_1042 -200.000000 0 0 0 0
07_1043 -200.000000 0 0 0 0
07_1044 -1.671898 14 1 128 50
07_1045 -200.000000 0 0 0 0
07_1046 -200.000000 0 0 0 0
07_1047 -200.000000 0 0 0 0
07_1048 -200.000000 0 0 0 0
07_1049 -200.000000 0 0 0 0
07_1050 -200.000000 0 0 0 0
07_1051 -200.000000 0 0 0 0
07_1052 -200.000000 0 0 0 0
07_1053 -1.671797 41 1 124 50
07_1054 -1.662991 33 1 122 64
07_1055 -1.497631 47 1 145 84
07_1056 -1.060669 49 32 143 100
07_1057 -1.045565 49 21 162 128
07_1058 -1.084476 50 33 179 151
07_1059 -1.104527 61 50 172 154
07_1060 -0.669493 49 57 162 155
07_1061 -0.499971 57 55 166 153
07_1062 -0.741702 48 66 161 162
07_1063 -0.678405 48 63 170 154
07_1064 -0.723173 47 55 176 158
07_1065 -0.704303 56 69 169 166
07_1066 -1.164532 64 50 180 133
07_1067 -0.694123 62 67 167 183
07_1068 -0.404093 49 57 164 161
07_1069 -0.949819 57 49 195 168
07_1070 -1.195835 48 53 180 130
07_1071 -0.310417 63 73 158 160
07_1072 -0.629488 41 61 181 152
07_1073 -0.328614 55 75 163 161
07_1074 -0.343375 51 60 171 161
07_1075 -0.028405 64 76 170 156
07_1076 -0.536082 41 72 164 163
07_1077 -0.343251 52 81 180 160
07_1078 -0.498587 63 78 154 160
07_1079 0.034434 63 78 170 152
07_1080 -0.159116 46 71 178 161
07_1081 -0.182189 58 72 170 164
07_1082 -0.928971 42 65 202 176
07_1083 -0.462027 54 61 197 161
07_1084 -0.157412 43 73 171 166
07_1085 -0.578205 57 57 191 160
07_1086 -0.242019 57 65 164 154
07_1087 -0.707559 47 55 193 168
07_1088 -0.747710 49 36 207 152
07_1089 -0.370924 33 66 167 168
07_1090 -0.582988 49 59 192 161
07_1091 -0.154220 33 65 178 163
07_1092 -0.184062 40 67 166 157
07_1093 -0.518826 36 66 186 176
07_1094 -0.832035 41 66 202 176
07_1095 0.034822 46 62 176 162
07_1096 -0.466045 29 40 192 177
07_1097 -0.512984 31 59 155 171
07_1098 -0.670014 27 40 181 195
07_1099 -0.640433 65 56 165 145
07_1100 -0.656065 33 39 215 163
07_1101 -0.710092 23 54 155 180
07_1102 -0.721311 25 51 180 193
07_1103 0.082929 33 48 174 156
07_1104 -0.466599 17 8 192 152
07_1105 -0.314905 17 1 184 145
07_1106 -0.497460 28 1 207 136
07_1107 -0.454294 26 1 192 145
07_1108 0.198451 48 41 171 139
07_1109 0.159169 66 39 178 127
07_1110 0.331828 74 9 184 97
07_1111 -0.332851 64 1 176 100
07_1112 -1.294623 81 17 146 93
07_1113 -0.457555 77 1 182 99
07_1114 -1.194875 81 11 148 81
07_1115 -0.777755 80 1 198 112
07_1116 -0.755252 65 1 194 114
07_1117 -1.097488 73 1 214 139
07_1118 -0.226054 65 31 181 120
07_1119 -0.160040 60 39 192 145
07_1120 -0.220416 61 49 197 149
07_1121 -0.150662 80 54 200 157
07_1122 -0.251009 91 81 198 167
07_1123 -0.074285 92 88 195 167
07_1124 -1.125376 53 80 184 148
07_1125 -0.134195 97 97 178 168
07_1126 -0.805929 71 86 189 160
07_1127 -0.158885 97 97 182 160
07_1128 -0.441044 85 92 181 160
07_1129 -0.468355 97 97 175 166
07_1130 -1.101497 94 85 182 161
07_1131 -1.034469 76 108 176 179
07_1132 -1.054316 71 113 179 174
07_1133 -0.897328 94 77 214 176
07_1134 -0.869679 100 115 183 177
07_1135 -1.039638 104 87 220 201
07_1136 -1.326285 53 90 150 200
07_1137 -1.305012 97 119 192 160
07_1138 -1.088885 97 109 198 181
07_1139 -1.173498 95 105 200 182
07_1140 -1.378289 115 123 193 200
07_1141 -1.212958 106 111 190 181
07_1142 -1.180703 102 87 224 192
07_1143 -1.165240 103 111 172 165
07_1144 -1.310426 101 108 184 192
07_1145 -1.321580 105 99 176 184
07_1146 -1.120479 110 92 208 176
07_1147 -1.278829 112 114 182 164
07_1148 -1.259979 113 117 184 160
07_1149 -1.344220 93 83 201 184
07_1150 -1.138554 114 86 225 193
07_1151 -1.271768 114 94 214 193
07_1152 -1.370944 100 90 208 155
07_1153 -1.214903 113 104 208 192
07_1154 -1.154138 104 104 242 192
07_1155 -1.121979 113 113 252 200
07_1156 -1.119286 121 119 240 176
07_1157 -1.175830 121 128 234 206
07_1158 -1.264936 119 128 229 176
07_1159 -1.107280 122 134 210 184
07_1160 -1.223256 113 131 234 200
07_1161 -1.065925 126 139 225 200
07_1162 -1.124695 126 139 221 208
07_1163 -1.166481 126 145 224 181
07_1164 -1.187184 125 149 217 182
07_1165 -1.183401 125 140 218 207
07_1166 -1.198366 119 151 216 204
07_1167 -1.148992 123 148 224 215
07_1168 -1.214681 130 157 216 182
07_1169 -1.110506 124 155 218 197
07_1170 -1.180214 121 152 213 228
07_1171 -0.968402 126 151 216 214
07_1172 -1.181540 118 147 217 213
07_1173 -1.177159 133 146 220 176
07_1174 -1.178676 124 139 216 197
07_1175 -1.151170 133 135 214 192
07_1176 -1.162256 133 132 212 177
07_1177 -1.225311 123 109 242 197
07_1178 -1.324619 136 126 206 158
07_1179 -1.189310 134 130 234 195
07_1180 -1.351002 135 125 192 160
07_1181 -1.274797 134 128 214 191
07_1182 -1.201437 137 156 209 210
07_1183 -1.365460 124 119 207 229
07_1184 -1.446999 131 1 205 186
07_1185 -1.460000 127 1 197 112
07_1186 -1.444590 121 91 236 240
07_1187 -1.412077 122 81 239 240
07_1188 -1.392250 146 177 208 226
07_1189 -1.129555 153 161 238 231
07_1190 -1.331871 146 78 208 207
07_1191 -1.286815 146 161 206 197
07_1192 -1.235112 120 1 214 211
07_1193 -1.077914 120 60 177 193
07_1194 -1.062349 129 65 187 177
07_1195 -1.023343 131 1 195 177
07_1196 -1.023814 136 1 198 166
07_1197 -1.179279 151 1 210 152
07_1198 -1.315704 157 1 213 144
07_1199 -1.410963 165 1 216 142
07_1200 -1.461042 153 34 226 223
07_1201 -1.477446 1 1 320 240
07_1202 -1.268562 1 1 317 201
07_1203 -1.594049 113 1 208 39
07_1204 -1.637032 51 1 320 140
07_1205 -1.602314 161 1 272 36
07_1206 -1.616035 46 99 304 177
07_1207 -1.629072 99 1 320 153
07_1208 -1.640004 59 1 320 166
07_1209 -200.000000 0 0 0 0
07_1210 -1.682069 81 1 316 105
07_1211 -1.671548 49 1 310 75
07_1212 -200.000000 0 0 0 0
07_1213 -1.659499 57 1 310 81
07_1214 -1.640648 64 1 312 81
07_1215 -200.000000 0 0 0 0
07_1216 -200.000000 0 0 0 0
07_1217 -200.000000 0 0 0 0
07_1218 -200.000000 0 0 0 0
07_1219 -1.653550 64 1 177 51
07_1220 -200.000000 0 0 0 0
07_1221 -200.000000 0 0 0 0
07_1222 -200.000000 0 0 0 0
07_1223 -200.000000 0 0 0 0
07_1224 -200.000000 0 0 0 0
07_1225 -200.000000 0 0 0 0
07_1226 -200.000000 0 0 0 0
07_1227 -200.000000 0 0 0 0
07_1228 -200.000000 0 0 0 0
07_1229 -200.000000 0 0 0 0
07_1230 -200.000000 0 0 0 0
07_1231 -200.000000 0 0 0 0
07_1232 -200.000000 0 0 0 0
07_1233 -200.000000 0 0 0 0
07_1234 -200.000000 0 0 0 0
07_1235 -200.000000 0 0 0 0
07_1236 -200.000000 0 0 0 0
07_1237 -200.000000 0 0 0 0
07_1238 -200.000000 0 0 0 0
07_1239 -1.682181 145 64 304 151
07_1240 -1.648329 158 17 310 153
07_1241 -1.660509 193 112 305 177
07_1242 -1.653249 299 48 320 240
07_1243 -1.546751 33 1 257 116
07_1244 -1.479856 62 1 239 94
07_1245 -1.475033 49 1 208 123
07_1246 -1.420822 53 1 208 103
07_1247 -1.443080 68 1 176 82
07_1248 -1.417969 33 1 318 120
07_1249 -1.398923 32 1 313 135
07_1250 -1.313622 42 1 280 140
07_1251 -1.348589 61 1 192 128
07_1252 -1.342491 41 1 315 140
07_1253 -1.293537 44 1 232 144
07_1254 -1.391432 65 1 225 71
07_1255 -1.387165 49 1 275 84
07_1256 -1.438018 62 1 216 74
07_1257 -1.513350 25 1 316 112
07_1258 -200.000000 0 0 0 0
07_1259 -1.628549 1 1 177 54
07_1260 -1.629878 49 1 154 27
07_1261 -1.676590 1 1 166 37
07_1262 -1.664571 64 9 314 142
07_1263 -200.000000 0 0 0 0
07_1264 -200.000000 0 0 0 0
07_1265 -200.000000 0 0 0 0
07_1266 -200.000000 0 0 0 0
07_1267 -1.671616 274 1 317 44
07_1268 -200.000000 0 0 0 0
07_1269 -1.645658 59 1 145 26
07_1270 -1.462849 57 1 143 33
07_1271 -1.565240 54 1 165 36
07_1272 -1.293324 33 4 176 72
07_1273 -1.348714 34 1 192 128
07_1274 -1.468248 25 1 311 136
07_1275 -1.405897 38 1 241 104
07_1276 -1.473756 49 1 311 104
07_1277 -1.496881 1 47 112 141
07_1278 -1.450873 51 1 318 113
07_1279 -1.468413 67 1 232 104
07_1280 -1.410396 1 1 112 144
07_1281 -1.403657 1 17 112 145
07_1282 -1.403865 1 12 120 160
07_1283 -1.451202 123 1 161 48
07_1284 -1.385297 1 1 132 176
07_1285 -1.480437 93 1 317 132
07_1286 -1.507610 44 81 119 177
07_1287 -1.405944 1 1 154 189
07_1288 -1.402430 1 1 152 206
07_1289 -1.382792 1 1 149 207
07_1290 -1.402874 1 1 151 177
07_1291 -1.406937 1 1 138 202
07_1292 -1.275488 53 1 136 163
07_1293 -1.257969 1 1 136 192
07_1294 -1.331806 1 1 144 204
07_1295 -1.278515 1 1 133 191
07_1296 -1.227292 1 1 129 184
07_1297 -1.245485 13 1 128 208
07_1298 -1.307658 1 1 119 203
07_1299 -1.296952 32 25 107 165
07_1300 -1.225256 67 1 122 103
07_1301 -1.238658 50 1 144 99
07_1302 -1.206913 90 10 184 82
07_1303 -1.171218 81 16 144 64
07_1304 -1.171656 81 13 172 49
07_1305 -1.117257 51 1 116 107
07_1306 -1.058598 81 15 177 54
07_1307 -1.289203 82 13 177 48
07_1308 -1.132378 73 13 159 64
07_1309 -1.030066 86 16 166 74
07_1310 -0.897443 78 17 133 64
07_1311 -1.053312 47 1 112 108
07_1312 -1.110586 82 20 128 60
07_1313 -1.275434 1 1 184 101
07_1314 -1.195354 74 19 176 56
07_1315 -1.190173 41 1 113 146
07_1316 -1.219728 56 1 105 87
07_1317 -1.204775 73 24 162 50
07_1318 -1.200231 1 1 160 81
07_1319 -1.160967 76 21 150 49
07_1320 -1.246008 44 1 102 81
07_1321 -1.241586 1 1 150 64
07_1322 -1.286155 71 15 141 39
07_1323 -1.264434 57 6 89 67
07_1324 -1.239994 1 1 149 74
07_1325 -1.271745 189 1 317 223
07_1326 -1.204456 190 1 320 240
07_1327 -1.316077 17 1 123 59
07_1328 -1.413675 73 1 316 240
07_1329 -1.358720 48 1 129 45
07_1330 -1.290298 1 22 257 240
07_1331 -1.500287 1 1 304 240
07_1332 -1.618766 73 1 261 81
07_1333 -1.588403 1 48 264 240
07_1334 -200.000000 0 0 0 0
07_1335 -200.000000 0 0 0 0
07_1336 -200.000000 0 0 0 0
07_1337 -200.000000 0 0 0 0
07_1338 -1.682948 273 208 320 235
07_1339 -200.000000 0 0 0 0
07_1340 -200.000000 0 0 0 0
07_1341 -200.000000 0 0 0 0
07_1342 -200.000000 0 0 0 0
07_1343 -200.000000 0 0 0 0
07_1344 -200.000000 0 0 0 0
07_1345 -200.000000 0 0 0 0
07_1346 -200.000000 0 0 0 0
07_1347 -200.000000 0 0 0 0
07_1348 -1.674392 1 63 319 224
07_1349 -1.624061 301 159 320 240
07_1350 -1.681763 1 94 273 240
07_1351 -1.391023 131 169 317 240
07_1352 -1.428291 1 108 136 240
07_1353 -1.383052 1 174 102 240
07_1354 -1.467509 1 178 87 240
07_1355 -1.370263 1 66 320 240
07_1356 -1.439627 1 1 161 118
07_1357 -1.554614 143 173 271 240
07_1358 -1.498918 91 96 207 181
07_1359 -1.492305 65 168 250 240
07_1360 -1.519572 140 176 251 240
07_1361 -1.448862 1 28 320 240
07_1362 -1.427270 1 1 287 240
07_1363 -1.440514 81 176 192 240
07_1364 -1.504383 177 191 241 240
07_1365 -1.499542 81 189 208 240
07_1366 -1.507668 1 219 127 240
07_1367 -1.488521 234 53 320 240
