07_0001 -200.000000 0 0 0 0
07_0002 -200.000000 0 0 0 0
07_0003 -200.000000 0 0 0 0
07_0004 -200.000000 0 0 0 0
07_0005 -200.000000 0 0 0 0
07_0006 -200.000000 0 0 0 0
07_0007 -200.000000 0 0 0 0
07_0008 -200.000000 0 0 0 0
07_0009 -200.000000 0 0 0 0
07_0010 -200.000000 0 0 0 0
07_0011 -200.000000 0 0 0 0
07_0012 -200.000000 0 0 0 0
07_0013 -200.000000 0 0 0 0
07_0014 -200.000000 0 0 0 0
07_0015 -200.000000 0 0 0 0
07_0016 -200.000000 0 0 0 0
07_0017 -200.000000 0 0 0 0
07_0018 -200.000000 0 0 0 0
07_0019 -200.000000 0 0 0 0
07_0020 -200.000000 0 0 0 0
07_0021 -200.000000 0 0 0 0
07_0022 -200.000000 0 0 0 0
07_0023 -200.000000 0 0 0 0
07_0024 -200.000000 0 0 0 0
07_0025 -200.000000 0 0 0 0
07_0026 -200.000000 0 0 0 0
07_0027 -200.000000 0 0 0 0
07_0028 -200.000000 0 0 0 0
07_0029 -200.000000 0 0 0 0
07_0030 -200.000000 0 0 0 0
07_0031 -200.000000 0 0 0 0
07_0032 -200.000000 0 0 0 0
07_0033 -200.000000 0 0 0 0
07_0034 -200.000000 0 0 0 0
07_0035 -200.000000 0 0 0 0
07_0036 -200.000000 0 0 0 0
07_0037 -200.000000 0 0 0 0
07_0038 -200.000000 0 0 0 0
07_0039 -200.000000 0 0 0 0
07_0040 -200.000000 0 0 0 0
07_0041 -200.000000 0 0 0 0
07_0042 -200.000000 0 0 0 0
07_0043 -200.000000 0 0 0 0
07_0044 -200.000000 0 0 0 0
07_0045 -200.000000 0 0 0 0
07_0046 -1.278248 73 196 161 225
07_0047 -1.216926 98 180 209 240
07_0048 -1.275247 193 193 230 232
07_0049 -1.222678 151 177 207 200
07_0050 -1.275552 224 173 257 193
07_0051 -1.255969 109 173 132 196
07_0052 -1.278813 53 177 79 206
07_0053 -1.221779 250 182 288 209
07_0054 -1.227594 109 178 129 208
07_0055 -200.000000 0 0 0 0
07_0056 -1.331450 92 35 113 57
07_0057 -1.361780 184 205 218 225
07_0058 -1.239125 113 33 137 61
07_0059 -1.168268 114 41 136 64
07_0060 -1.115158 109 17 128 48
07_0061 -1.121757 105 18 127 40
07_0062 -1.147332 111 18 144 47
07_0063 -1.169273 129 32 165 56
07_0064 -1.125812 98 8 127 28
07_0065 -1.126943 111 16 144 68
07_0066 -1.083885 117 17 169 61
07_0067 -1.095606 128 17 169 50
07_0068 -1.173226 112 30 153 136
07_0069 -1.130606 112 49 136 124
07_0070 -1.124902 152 32 176 62
07_0071 -1.129826 160 33 180 79
07_0072 -1.145615 117 43 146 111
07_0073 -1.091990 169 5 201 37
07_0074 -1.142351 193 29 219 103
07_0075 -1.121878 233 5 265 50
07_0076 -1.073372 129 14 252 145
07_0077 -1.047162 207 26 258 128
07_0078 -1.090741 139 14 263 136
07_0079 -1.155453 49 22 112 49
07_0080 -1.116029 207 31 259 117
07_0081 -1.151106 160 17 257 122
07_0082 -1.188647 197 22 237 71
07_0083 -1.121574 108 20 139 39
07_0084 -1.130856 170 43 194 64
07_0085 -1.112555 54 19 101 58
07_0086 -1.251102 17 85 74 112
07_0087 -1.236697 32 36 72 59
07_0088 -1.150933 141 26 161 49
07_0089 -1.129824 206 10 225 32
07_0090 -1.098625 125 51 145 70
07_0091 -1.099319 73 24 113 51
07_0092 -1.124469 82 16 110 37
07_0093 -1.124319 112 17 133 41
07_0094 -1.106257 119 17 152 42
07_0095 -1.123522 49 30 70 49
07_0096 -1.159660 111 22 176 45
07_0097 -1.217313 105 32 153 54
07_0098 -1.157736 46 14 74 42
07_0099 -1.160119 10 12 64 40
07_0100 -1.195215 65 11 127 40
07_0101 -1.240010 96 1 200 29
07_0102 -1.182481 80 11 128 32
07_0103 -1.174379 33 9 80 30
07_0104 -1.149002 58 25 80 47
07_0105 -1.160096 33 29 94 48
07_0106 -1.161028 41 43 70 64
07_0107 -1.145493 177 46 199 71
07_0108 -1.159607 127 37 146 59
07_0109 -1.160282 124 19 157 41
07_0110 -1.167190 226 25 266 48
07_0111 -1.162250 290 11 313 61
07_0112 -1.199562 81 17 141 48
07_0113 -1.199515 144 26 176 48
07_0114 -1.153813 50 15 129 79
07_0115 -1.157743 114 44 150 73
07_0116 -1.125253 11 47 41 66
07_0117 -1.116644 129 82 160 104
07_0118 -1.112531 129 62 162 88
07_0119 -1.120646 82 74 110 96
07_0120 -1.091290 50 57 75 84
07_0121 -1.113111 170 56 224 83
07_0122 -1.091394 16 33 35 61
07_0123 -1.062129 45 97 68 118
07_0124 -1.102658 19 81 73 112
07_0125 -1.050906 112 48 176 112
07_0126 -1.002784 115 61 161 108
07_0127 -1.034654 177 14 256 100
07_0128 -1.113526 65 50 110 74
07_0129 -1.106903 160 35 209 74
07_0130 -1.098043 144 37 168 63
07_0131 -0.967038 98 56 179 127
07_0132 -1.103127 13 34 33 59
07_0133 -1.113421 86 75 158 97
07_0134 -1.090542 65 43 97 79
07_0135 -1.098900 35 46 128 82
07_0136 -1.117523 65 54 145 73
07_0137 -1.113796 160 42 193 73
07_0138 -1.132184 26 22 94 43
07_0139 -1.146534 114 25 144 47
07_0140 -1.234215 66 6 151 32
07_0141 -1.268850 242 194 273 230
07_0142 -1.263634 240 177 303 234
07_0143 -1.282725 205 186 255 209
07_0144 -1.272938 241 185 274 211
07_0145 -1.264726 206 156 256 184
07_0146 -1.269830 176 186 207 224
07_0147 -1.273041 207 207 226 226
07_0148 -1.260005 188 162 239 217
07_0149 -1.270154 287 201 306 226
07_0150 -1.267839 281 201 306 226
07_0151 -1.369825 252 136 275 161
07_0152 -1.273199 288 188 309 209
07_0153 -200.000000 0 0 0 0
07_0154 -200.000000 0 0 0 0
07_0155 -200.000000 0 0 0 0
07_0156 -200.000000 0 0 0 0
07_0157 -200.000000 0 0 0 0
07_0158 -200.000000 0 0 0 0
07_0159 -200.000000 0 0 0 0
07_0160 -200.000000 0 0 0 0
07_0161 -200.000000 0 0 0 0
07_0162 -200.000000 0 0 0 0
07_0163 -200.000000 0 0 0 0
07_0164 -200.000000 0 0 0 0
07_0165 -200.000000 0 0 0 0
07_0166 -200.000000 0 0 0 0
07_0167 -1.347544 229 96 280 117
07_0168 -200.000000 0 0 0 0
07_0169 -200.000000 0 0 0 0
07_0170 -200.000000 0 0 0 0
07_0171 -200.000000 0 0 0 0
07_0172 -200.000000 0 0 0 0
07_0173 -200.000000 0 0 0 0
07_0174 -200.000000 0 0 0 0
07_0175 -200.000000 0 0 0 0
07_0176 -200.000000 0 0 0 0
07_0177 -200.000000 0 0 0 0
07_0178 -1.257168 41 15 87 39
07_0179 -1.366195 33 1 224 98
07_0180 -1.094638 32 31 54 64
07_0181 -1.128612 7 12 33 42
07_0182 -1.123384 9 3 50 22
07_0183 -1.103807 41 43 60 65
07_0184 -1.360997 199 215 222 236
07_0185 -1.282582 112 127 228 162
07_0186 -1.167040 65 12 88 34
07_0187 -1.243186 124 109 224 141
07_0188 -1.270334 208 188 227 209
07_0189 -1.359759 240 201 274 225
07_0190 -200.000000 0 0 0 0
07_0191 -1.161960 105 144 284 231
07_0192 -1.298805 65 188 96 208
07_0193 -1.272615 65 180 99 200
07_0194 -1.281040 14 187 33 207
07_0195 -1.235949 246 142 266 162
07_0196 -1.308191 91 121 208 140
07_0197 -1.368397 13 150 49 208
07_0198 -1.238002 241 177 264 205
07_0199 -1.270557 234 203 266 225
07_0200 -1.185462 237 208 257 232
07_0201 -1.270992 13 123 37 144
07_0202 -1.142156 132 156 152 180
07_0203 -1.166370 228 177 247 199
07_0204 -1.276886 34 199 64 222
07_0205 -1.247982 222 176 245 195
07_0206 -1.238078 86 96 112 144
07_0207 -1.190004 193 130 213 151
07_0208 -1.318862 15 192 58 227
07_0209 -1.264626 55 133 78 157
07_0210 -1.254906 177 191 204 211
07_0211 -1.333418 135 81 157 100
07_0212 -1.327968 160 111 197 141
07_0213 -1.291829 184 128 213 152
07_0214 -1.297086 89 128 111 148
07_0215 -1.154113 76 87 96 112
07_0216 -1.234629 114 128 134 153
07_0217 -1.276365 33 145 92 209
07_0218 -1.276535 48 150 67 176
07_0219 -1.121923 87 113 106 138
07_0220 -1.115948 78 142 97 164
07_0221 -1.162042 4 108 34 153
07_0222 -1.130117 212 142 232 164
07_0223 -1.151650 111 132 240 226
07_0224 -1.169120 249 138 278 165
07_0225 -1.128845 81 97 129 118
07_0226 -1.135757 170 112 217 132
07_0227 -1.139568 15 115 111 134
07_0228 -1.138523 142 97 176 117
07_0229 -1.222095 247 177 287 208
07_0230 -1.174008 272 135 304 158
07_0231 -1.207291 81 144 252 165
07_0232 -1.192299 240 133 307 169
07_0233 -1.171836 97 142 239 162
07_0234 -1.169614 133 208 161 227
07_0235 -1.170651 81 171 255 199
07_0236 -1.126938 48 204 80 224
07_0237 -1.253172 272 162 313 193
07_0238 -1.225232 161 153 264 175
07_0239 -1.274013 289 144 315 192
07_0240 -1.276090 93 183 197 202
07_0241 -200.000000 0 0 0 0
07_0242 -1.230099 144 183 201 209
07_0243 -1.272514 128 166 250 218
07_0244 -1.197454 175 183 224 221
07_0245 -1.226369 201 170 272 189
07_0246 -1.260607 236 146 306 181
07_0247 -1.327965 124 113 146 136
07_0248 -1.218075 221 189 256 208
07_0249 -1.212194 289 145 316 222
07_0250 -1.266208 139 128 158 160
07_0251 -1.227492 257 159 307 223
07_0252 -1.209378 285 180 307 206
07_0253 -1.201644 225 145 247 164
07_0254 -1.234995 129 145 149 188
07_0255 -1.199147 154 114 250 183
07_0256 -1.288884 129 145 154 170
07_0257 -1.226079 145 137 177 187
07_0258 -1.203218 240 141 278 176
07_0259 -1.245480 153 112 180 144
07_0260 -1.176295 167 136 207 177
07_0261 -1.218914 273 193 303 221
07_0262 -1.234372 273 79 297 113
07_0263 -1.150108 130 150 160 212
07_0264 -1.224337 294 132 315 223
07_0265 -1.192616 201 93 288 160
07_0266 -1.145137 145 168 164 191
07_0267 -1.136669 210 112 273 163
07_0268 -1.131547 208 139 228 160
07_0269 -1.148128 193 142 224 176
07_0270 -1.069772 110 11 184 142
07_0271 -1.120716 225 189 257 224
07_0272 -1.150397 149 204 186 225
07_0273 -1.171586 175 65 224 102
07_0274 -1.163886 272 121 291 156
07_0275 -1.157916 256 153 280 178
07_0276 -1.060445 209 97 241 120
07_0277 -1.176083 175 188 212 211
07_0278 -1.092851 125 144 166 185
07_0279 -1.124138 183 192 209 225
07_0280 -1.181531 205 145 246 177
07_0281 -1.147345 221 173 257 193
07_0282 -1.121828 192 105 224 161
07_0283 -1.156128 193 193 217 227
07_0284 -1.135917 240 143 264 176
07_0285 -1.110111 236 143 257 180
07_0286 -1.144443 277 150 309 209
07_0287 -1.122297 225 96 256 137
07_0288 -1.153028 226 98 272 146
07_0289 -1.153897 225 81 272 104
07_0290 -1.121767 297 64 317 177
07_0291 -1.148144 234 172 257 198
07_0292 -1.105228 240 176 264 224
07_0293 -1.114666 240 176 260 199
07_0294 -1.107198 241 129 264 157
07_0295 -1.125140 235 127 267 172
07_0296 -1.128057 235 176 259 204
07_0297 -1.112635 251 142 270 184
07_0298 -1.070413 297 49 316 106
07_0299 -1.138390 161 137 180 161
07_0300 -1.115372 259 152 282 175
07_0301 -1.088611 268 110 288 131
07_0302 -1.095767 281 108 304 150
07_0303 -1.136407 157 150 178 192
07_0304 -1.121289 163 148 184 177
07_0305 -1.114580 240 140 296 178
07_0306 -1.126627 166 161 192 194
07_0307 -1.126458 224 137 257 165
07_0308 -1.154320 206 172 241 194
07_0309 -1.154783 271 173 294 208
07_0310 -1.142648 256 141 295 219
07_0311 -1.124106 292 73 314 192
07_0312 -1.140258 256 96 284 120
07_0313 -1.135891 233 177 272 216
07_0314 -1.132487 269 162 288 192
07_0315 -1.130067 288 136 307 160
07_0316 -1.124226 247 96 274 122
07_0317 -1.161793 193 45 257 81
07_0318 -1.123101 248 97 305 193
07_0319 -1.099576 273 85 308 188
07_0320 -1.130504 137 157 164 192
07_0321 -1.119344 266 144 290 173
07_0322 -1.139970 219 195 242 224
07_0323 -1.152550 288 66 310 116
07_0324 -1.071846 254 110 275 136
07_0325 -1.147301 288 84 310 132
07_0326 -1.147535 272 85 302 113
07_0327 -1.089023 252 144 290 177
07_0328 -1.124866 270 159 300 183
07_0329 -1.104367 279 113 307 143
07_0330 -1.131552 289 127 308 160
07_0331 -1.109799 226 143 255 174
07_0332 -1.129623 258 135 290 154
07_0333 -1.107975 288 152 307 193
07_0334 -1.111997 283 148 307 178
07_0335 -1.118608 237 155 273 175
07_0336 -1.127470 257 156 289 177
07_0337 -1.084536 232 161 255 182
07_0338 -1.115695 233 162 255 192
07_0339 -1.119528 276 183 306 214
07_0340 -1.190951 28 96 49 195
07_0341 -1.137721 203 151 273 173
07_0342 -1.134926 277 190 300 216
07_0343 -1.158469 97 173 128 208
07_0344 -1.082365 40 23 78 47
07_0345 -1.132594 257 175 288 200
07_0346 -1.150937 82 185 128 208
07_0347 -1.125884 241 187 271 207
07_0348 -1.173600 141 159 168 224
07_0349 -1.145651 253 202 279 224
07_0350 -1.082922 240 17 289 44
07_0351 -1.043217 37 30 79 63
07_0352 -1.144409 205 195 236 223
07_0353 -1.148934 204 200 241 224
07_0354 -0.989626 240 175 283 205
07_0355 -1.017627 266 163 291 205
07_0356 -1.145264 297 109 316 161
07_0357 -1.036644 265 47 296 68
07_0358 -1.074120 33 17 57 41
07_0359 -1.147955 209 97 276 160
07_0360 -1.126535 297 150 317 209
07_0361 -1.142706 202 81 241 144
07_0362 -1.150968 206 144 242 164
07_0363 -1.144419 225 113 246 144
07_0364 -1.154550 185 129 208 168
07_0365 -1.138705 257 63 307 177
07_0366 -1.171196 288 109 313 193
07_0367 -1.140373 175 113 216 196
07_0368 -1.130591 253 64 303 179
07_0369 -1.148790 201 73 224 96
07_0370 -0.964545 208 56 273 81
07_0371 -1.141670 201 81 234 158
07_0372 -1.135674 241 125 262 160
07_0373 -1.130399 209 91 240 112
07_0374 -1.117710 219 97 263 160
07_0375 -0.991900 220 57 276 87
07_0376 -1.153999 271 128 294 202
07_0377 -1.111151 6 55 30 85
07_0378 -1.115530 259 74 296 166
07_0379 -1.129697 273 97 304 197
07_0380 -1.157282 18 61 38 80
07_0381 -1.121330 260 129 279 183
07_0382 -1.136866 226 105 272 150
07_0383 -1.082697 273 25 303 82
07_0384 -1.136559 265 129 293 170
07_0385 -1.126234 271 146 300 178
07_0386 -1.120774 286 23 306 52
07_0387 -1.159706 255 30 288 49
07_0388 -1.110783 273 44 298 65
07_0389 -1.081750 296 17 316 110
07_0390 -1.019237 287 65 307 186
07_0391 -0.994511 281 54 307 122
07_0392 -0.990130 281 60 309 127
07_0393 -1.109604 240 24 283 43
07_0394 -1.163048 256 81 289 117
07_0395 -1.156195 241 68 307 140
07_0396 -1.147179 169 97 225 119
07_0397 -1.167973 239 92 267 113
07_0398 -1.113346 256 157 276 176
07_0399 -1.158935 256 70 283 104
07_0400 -1.106040 219 59 278 111
07_0401 -1.114181 251 63 284 83
07_0402 -1.154727 219 93 272 127
07_0403 -1.161684 210 50 294 83
07_0404 -1.137466 220 65 298 114
07_0405 -1.131113 197 57 226 83
07_0406 -1.144258 298 1 317 127
07_0407 -1.128532 192 97 212 127
07_0408 -1.149559 220 79 288 125
07_0409 -1.108650 283 65 307 127
07_0410 -1.102165 209 11 256 44
07_0411 -1.098515 193 6 256 39
07_0412 -1.109522 206 6 237 25
07_0413 -1.145983 191 33 212 66
07_0414 -1.164723 188 63 209 111
07_0415 -1.143446 193 8 225 30
07_0416 -1.152237 224 12 259 31
07_0417 -1.110178 139 21 160 40
07_0418 -1.119860 204 13 227 32
07_0419 -1.177493 187 22 209 44
07_0420 -1.115580 158 7 182 36
07_0421 -1.125103 192 16 220 45
07_0422 -1.102582 272 3 307 25
07_0423 -1.146424 218 32 289 56
07_0424 -1.120185 160 90 184 160
07_0425 -1.165747 297 1 317 81
07_0426 -1.132304 288 1 315 84
07_0427 -1.174169 239 74 268 103
07_0428 -1.203992 288 1 316 94
07_0429 -1.187766 289 1 316 175
07_0430 -1.244932 288 18 315 118
07_0431 -1.103344 10 72 64 98
07_0432 -1.120297 160 127 180 152
07_0433 -1.101900 291 28 310 55
07_0434 -1.089208 289 33 308 54
07_0435 -1.119957 214 52 248 78
07_0436 -1.106434 268 41 306 62
07_0437 -1.136676 220 105 240 137
07_0438 -1.117668 273 33 302 64
07_0439 -1.150450 160 112 180 148
07_0440 -1.107575 212 105 234 145
07_0441 -1.095866 292 17 317 104
07_0442 -1.171023 288 82 315 105
07_0443 -1.138083 211 107 232 129
07_0444 -1.129657 296 1 317 159
07_0445 -1.141465 273 113 307 161
07_0446 -1.219048 225 112 247 145
07_0447 -1.149925 289 82 309 192
07_0448 -1.165056 274 130 303 159
07_0449 -1.256204 273 64 295 86
07_0450 -1.185921 274 114 304 178
07_0451 -1.279528 295 33 314 79
07_0452 -1.160050 274 161 304 182
07_0453 -1.225582 289 9 315 176
07_0454 -1.191459 256 109 304 170
07_0455 -1.216540 270 81 309 175
07_0456 -1.194326 126 52 162 85
07_0457 -1.131855 127 80 154 105
07_0458 -1.202215 240 113 303 166
07_0459 -1.234276 140 81 165 112
07_0460 -1.203061 241 96 303 155
07_0461 -1.098322 119 60 139 81
07_0462 -1.224214 97 49 143 68
07_0463 -1.141561 139 63 162 94
07_0464 -1.203318 131 47 155 79
07_0465 -1.146797 63 39 96 59
07_0466 -1.075895 113 117 172 162
07_0467 -1.152129 141 64 162 86
07_0468 -1.108046 43 33 73 58
07_0469 -1.105616 283 49 307 112
07_0470 -1.108821 286 66 306 90
07_0471 -1.123173 289 43 309 90
07_0472 -1.110260 21 45 57 68
07_0473 -1.115324 288 118 307 150
07_0474 -1.149427 244 94 269 113
07_0475 -1.167569 45 46 84 67
07_0476 -1.151607 42 46 86 65
07_0477 -1.159254 105 49 129 69
07_0478 -1.110413 282 80 307 132
07_0479 -1.111010 9 64 34 84
07_0480 -1.106029 9 63 38 86
07_0481 -1.147628 249 145 303 168
07_0482 -1.118432 27 55 46 96
07_0483 -1.126058 217 69 241 94
07_0484 -1.110440 65 33 88 52
07_0485 -1.142419 45 58 64 83
07_0486 -0.282479 145 88 192 160
07_0487 -0.256915 152 90 187 161
07_0488 -1.109003 155 92 181 162
07_0489 0.266893 152 78 191 157
07_0490 0.019133 156 76 187 149
07_0491 0.271174 149 69 184 151
07_0492 0.756543 149 71 185 152
07_0493 0.580376 146 68 184 153
07_0494 0.202820 144 63 179 153
07_0495 0.328556 140 75 177 152
07_0496 -0.582466 136 58 166 154
07_0497 0.294183 139 75 172 152
07_0498 0.301346 138 71 169 143
07_0499 0.478361 141 68 173 151
07_0500 0.727766 142 63 176 139
07_0501 0.701689 144 62 177 136
07_0502 1.112985 140 56 181 147
07_0503 0.801661 146 59 181 135
07_0504 0.816768 148 59 185 141
07_0505 0.240655 150 59 183 129
07_0506 0.750341 151 61 185 143
07_0507 1.244899 145 57 187 143
07_0508 1.014273 143 59 182 144
07_0509 1.398985 128 58 176 140
07_0510 1.369880 129 57 174 147
07_0511 1.115155 129 55 175 149
07_0512 1.149015 128 55 170 148
07_0513 1.297786 133 57 172 145
07_0514 1.348240 136 59 173 138
07_0515 0.701890 125 59 182 145
07_0516 0.899292 129 54 172 132
07_0517 1.726945 133 58 176 141
07_0518 0.995118 122 58 181 145
07_0519 1.526740 128 55 172 144
07_0520 1.203556 128 60 176 148
07_0521 1.426386 129 60 169 144
07_0522 1.353504 128 59 170 150
07_0523 1.507824 126 55 169 145
07_0524 1.242714 128 56 165 142
07_0525 1.405900 127 60 173 146
07_0526 1.539814 124 57 174 146
07_0527 1.453593 128 57 168 147
07_0528 0.936076 132 65 168 145
07_0529 1.080709 132 65 171 148
07_0530 0.638325 134 75 168 155
07_0531 0.342145 133 79 172 165
07_0532 0.596737 122 80 169 173
07_0533 1.195044 125 79 166 164
07_0534 0.270791 130 85 163 166
07_0535 1.002301 128 85 173 175
07_0536 0.786131 131 89 179 172
07_0537 0.094161 137 97 171 178
07_0538 -1.091292 209 88 255 120
07_0539 -1.054070 239 69 266 111
07_0540 -1.070638 67 93 167 190
07_0541 -1.011658 297 23 316 96
07_0542 -1.057452 99 16 123 35
07_0543 -1.088552 128 49 210 191
07_0544 -1.127397 225 33 250 52
07_0545 -1.108960 175 59 207 83
07_0546 -1.148437 66 10 97 31
07_0547 -1.060193 227 71 260 176
07_0548 -1.138942 296 140 315 216
07_0549 -1.044936 151 160 213 240
07_0550 -1.079263 99 48 124 67
07_0551 -1.095671 224 49 299 160
07_0552 -1.099216 266 109 299 147
07_0553 -1.072747 225 49 286 144
07_0554 -1.030196 17 134 56 223
07_0555 -1.098077 46 127 94 190
07_0556 -1.129166 262 162 284 197
07_0557 -1.101774 63 145 102 225
07_0558 -1.044940 35 101 59 142
07_0559 -1.139888 128 78 156 109
07_0560 -1.121478 140 93 168 112
07_0561 -1.106684 48 57 72 93
07_0562 -1.172405 53 38 110 129
07_0563 -1.060656 10 5 122 95
07_0564 -1.075138 57 46 78 81
07_0565 -1.134758 17 34 55 59
07_0566 -1.113577 70 55 94 96
07_0567 -1.141954 68 24 95 100
07_0568 -1.119690 89 96 112 143
07_0569 -1.068259 73 31 97 66
07_0570 -1.186624 295 34 316 111
07_0571 -1.084697 93 12 126 54
07_0572 -1.097040 112 22 141 51
07_0573 -1.150700 120 98 150 120
07_0574 -1.112534 153 107 172 128
07_0575 -1.170284 152 10 177 33
07_0576 -1.251966 173 28 192 59
07_0577 -1.227110 80 16 102 40
07_0578 -1.110280 148 77 209 184
07_0579 -0.956950 152 109 192 193
07_0580 -0.269763 150 101 197 197
07_0581 0.031390 160 97 200 177
07_0582 0.286056 162 96 204 185
07_0583 0.346867 163 92 208 177
07_0584 0.315134 168 92 209 185
07_0585 0.649012 169 89 211 179
07_0586 0.493046 172 89 208 176
07_0587 0.916079 173 88 214 179
07_0588 0.645479 169 87 219 188
07_0589 0.732942 176 87 216 183
07_0590 0.244024 182 93 214 177
07_0591 -0.541014 188 93 217 178
07_0592 0.941695 183 88 221 181
07_0593 0.615129 183 97 225 184
07_0594 1.036116 185 84 227 176
07_0595 1.058315 184 87 225 187
07_0596 0.563049 187 85 237 179
07_0597 1.542721 185 87 231 179
07_0598 0.740327 185 91 241 183
07_0599 1.341013 185 81 230 176
07_0600 1.318426 190 85 230 179
07_0601 1.231254 189 80 230 175
07_0602 1.677117 182 84 233 177
07_0603 0.585033 185 73 228 181
07_0604 0.975978 180 81 230 176
07_0605 0.749025 192 82 225 175
07_0606 1.559967 186 80 231 176
07_0607 1.083206 189 80 229 171
07_0608 1.314262 186 80 228 179
07_0609 0.414086 192 81 230 181
07_0610 1.163625 182 81 230 179
07_0611 1.696765 187 86 229 182
07_0612 1.768265 185 93 228 193
07_0613 1.379996 183 97 225 203
07_0614 1.697932 178 107 222 204
07_0615 1.285078 183 113 224 207
07_0616 1.475620 178 117 225 214
07_0617 1.514870 179 120 224 208
07_0618 1.512557 182 124 223 218
07_0619 1.308738 181 129 220 225
07_0620 0.781228 177 140 219 225
07_0621 0.639487 184 149 221 232
07_0622 -0.149079 180 150 222 240
07_0623 0.041439 181 143 226 228
07_0624 -0.155301 180 144 220 224
07_0625 -0.289830 185 150 229 240
07_0626 0.501350 183 145 224 230
07_0627 0.163403 185 144 225 234
07_0628 -0.708436 183 145 240 233
07_0629 -0.678690 185 144 225 208
07_0630 -0.818953 192 144 223 223
07_0631 -0.587561 187 147 222 209
07_0632 -0.918491 186 157 228 240
07_0633 -0.831739 177 162 230 240
07_0634 -0.972012 188 153 225 240
07_0635 -0.898176 185 145 225 200
07_0636 -0.963649 185 163 229 240
07_0637 -1.018530 191 161 229 240
07_0638 -0.587734 198 164 227 225
07_0639 -1.144833 200 161 236 221
07_0640 -1.048160 193 145 235 210
07_0641 -1.144723 13 34 94 126
07_0642 -1.139128 176 17 201 37
07_0643 -1.132754 229 49 292 76
07_0644 -1.106561 15 32 95 134
07_0645 -1.133698 35 9 175 100
07_0646 -1.134943 79 10 105 40
07_0647 -1.119230 93 33 126 80
07_0648 -1.126951 90 44 123 74
07_0649 -1.103838 92 38 144 64
07_0650 -1.103999 58 18 82 39
07_0651 -1.103518 59 19 96 40
07_0652 -1.130341 59 14 99 47
07_0653 -1.101813 22 14 49 33
07_0654 -1.144665 192 143 240 220
07_0655 -1.139399 145 45 214 74
07_0656 -1.136737 191 44 220 63
07_0657 -1.137741 51 16 92 48
07_0658 -1.149097 135 18 185 40
07_0659 -1.128002 154 12 184 46
07_0660 -1.137574 112 23 161 47
07_0661 -1.065330 189 171 222 229
07_0662 -1.059103 183 164 214 227
07_0663 -1.146958 113 30 135 51
07_0664 -0.712170 171 158 214 225
07_0665 -0.992906 171 160 213 240
07_0666 -1.150598 113 7 143 32
07_0667 -0.647703 170 151 214 240
07_0668 -0.503825 161 149 218 240
07_0669 0.095569 160 144 211 240
07_0670 0.220517 165 143 212 235
07_0671 -0.003301 161 142 213 220
07_0672 0.108547 159 143 210 240
07_0673 0.102005 156 144 214 240
07_0674 0.263415 162 149 204 238
07_0675 -0.375938 151 144 222 240
07_0676 -0.076896 156 142 211 240
07_0677 0.206033 153 143 215 240
07_0678 0.483001 160 142 220 236
07_0679 0.240785 163 145 217 240
07_0680 0.201592 159 144 220 240
07_0681 0.037565 161 145 215 240
07_0682 -0.471023 168 144 220 240
07_0683 0.274069 164 142 220 240
07_0684 0.751864 161 135 221 238
07_0685 0.828481 168 135 223 227
07_0686 1.128710 172 134 226 232
07_0687 1.733956 163 132 221 232
07_0688 1.365841 169 128 224 231
07_0689 0.784367 172 136 219 236
07_0690 1.303072 168 130 225 233
07_0691 1.096501 172 130 222 231
07_0692 1.036517 169 127 223 237
07_0693 0.685409 163 129 219 240
07_0694 1.091444 172 137 216 228
07_0695 0.345301 173 130 224 240
07_0696 0.413722 175 136 227 240
07_0697 1.073451 178 141 232 232
07_0698 0.660213 176 136 236 235
07_0699 0.071050 178 139 246 233
07_0700 0.055446 188 145 232 233
07_0701 -0.460058 190 149 233 231
07_0702 -0.505873 185 146 234 240
07_0703 -0.545203 184 145 240 240
07_0704 -0.902857 183 146 234 240
07_0705 -0.408944 178 151 240 240
07_0706 -0.278899 169 153 231 240
07_0707 -0.443092 169 144 224 240
07_0708 0.291250 161 149 213 233
07_0709 -0.490468 149 150 207 240
07_0710 -0.823041 150 159 198 240
07_0711 -0.387706 137 153 197 240
07_0712 -0.648486 136 151 193 240
07_0713 -0.794475 125 149 192 240
07_0714 -0.485656 131 155 187 240
07_0715 -0.441421 128 151 184 240
07_0716 -0.560310 130 149 186 240
07_0717 -0.266003 131 151 187 240
07_0718 -0.658648 127 148 190 240
07_0719 -0.675844 129 149 184 240
07_0720 -0.677490 134 150 184 240
07_0721 -0.205239 136 148 184 234
07_0722 -0.318992 124 144 193 240
07_0723 -0.228330 132 141 194 240
07_0724 -0.056679 137 148 191 240
07_0725 -0.614719 143 139 198 240
07_0726 -0.255870 129 138 201 240
07_0727 0.293400 136 137 203 232
07_0728 -0.419671 133 137 202 240
07_0729 -0.093811 139 140 193 240
07_0730 -0.234643 138 138 204 240
07_0731 0.142134 135 141 194 240
07_0732 -0.014902 136 139 197 240
07_0733 -0.032001 139 145 193 240
07_0734 0.573308 143 146 197 236
07_0735 -0.483238 128 144 209 240
07_0736 -0.684187 144 148 198 240
07_0737 -0.868690 147 148 201 240
07_0738 -0.516093 133 145 209 240
07_0739 -0.296561 135 144 208 240
07_0740 -0.471544 130 128 211 240
07_0741 -0.035562 139 127 209 240
07_0742 0.057425 141 124 204 240
07_0743 1.344443 137 117 210 236
07_0744 0.961892 139 118 208 240
07_0745 1.162897 141 114 208 232
07_0746 0.967147 134 113 209 240
07_0747 1.188666 135 114 209 240
07_0748 0.889257 135 113 208 240
07_0749 1.455310 137 115 207 234
07_0750 0.949502 139 113 212 234
07_0751 0.740100 131 106 202 230
07_0752 0.470471 138 113 222 233
07_0753 0.365213 137 113 215 240
07_0754 0.636820 120 109 216 235
07_0755 0.277640 128 105 210 240
07_0756 0.254850 134 112 217 240
07_0757 0.487334 140 114 212 240
07_0758 0.870055 133 116 214 240
07_0759 0.267553 142 105 218 240
07_0760 0.276300 146 112 219 240
07_0761 0.005332 139 105 232 240
07_0762 0.488767 144 107 225 240
07_0763 0.721176 145 108 231 240
07_0764 0.551729 136 110 226 240
07_0765 0.218308 154 108 233 240
07_0766 0.577607 141 105 231 240
07_0767 0.756281 150 111 235 240
07_0768 0.295995 144 105 248 240
07_0769 0.232872 151 102 242 240
07_0770 -0.031489 145 113 243 240
07_0771 -0.597374 151 103 241 240
07_0772 -0.518481 145 120 241 240
07_0773 -0.992157 159 130 240 240
07_0774 -0.860210 158 139 239 240
07_0775 -1.102493 32 121 52 144
07_0776 -1.184168 222 25 242 44
07_0777 -1.154593 65 17 128 80
07_0778 -1.124323 45 128 74 173
07_0779 -1.149644 129 61 176 90
07_0780 -1.172764 58 17 80 45
07_0781 -1.151869 161 33 192 54
07_0782 -1.083879 143 137 232 240
07_0783 -0.940544 145 128 240 240
07_0784 -0.755308 153 120 241 225
07_0785 -0.238149 144 103 248 240
07_0786 0.216390 153 100 225 229
07_0787 0.208278 153 97 238 240
07_0788 0.338688 153 100 236 240
07_0789 0.159005 149 95 233 240
07_0790 0.601773 152 103 240 240
07_0791 0.564206 153 101 235 240
07_0792 0.161496 151 97 238 240
07_0793 0.272668 151 103 235 240
07_0794 0.089728 141 93 230 240
07_0795 0.290916 146 103 229 240
07_0796 -0.244782 150 108 234 240
07_0797 -0.250198 127 120 246 240
07_0798 -0.617091 144 118 235 240
07_0799 -1.008395 143 128 238 240
07_0800 -1.061770 143 147 233 240
07_0801 -1.102375 131 16 160 80
07_0802 -1.112434 146 9 202 64
07_0803 -1.115783 141 33 175 63
07_0804 -1.107763 115 14 161 62
07_0805 -1.145793 111 153 134 209
07_0806 -0.989749 109 17 186 152
07_0807 -1.125342 86 121 112 167
07_0808 -1.100187 40 86 73 105
07_0809 -1.133868 160 97 180 120
07_0810 -1.154033 92 129 120 179
07_0811 -1.094247 18 60 40 80
07_0812 -1.164220 167 71 203 98
07_0813 -1.125126 93 121 113 143
07_0814 -1.161331 97 65 144 112
07_0815 -1.115380 89 205 110 230
07_0816 -1.154473 71 95 113 150
07_0817 -1.148588 27 128 49 161
07_0818 -1.152861 81 208 106 232
07_0819 -1.099387 42 104 74 132
07_0820 -1.120629 73 174 92 197
07_0821 -1.162114 80 145 104 177
07_0822 -1.136449 21 109 48 128
07_0823 -1.176382 241 103 294 166
07_0824 -1.137802 250 74 272 96
07_0825 -1.091089 46 118 176 240
07_0826 -1.111649 44 136 160 240
07_0827 -1.133942 222 37 257 79
07_0828 -1.118258 285 33 307 57
07_0829 -1.114276 215 42 245 86
07_0830 -1.099015 221 41 248 83
07_0831 -1.102395 238 47 271 86
07_0832 -1.120872 294 33 316 117
07_0833 -1.133065 213 112 237 131
07_0834 -1.140057 33 97 172 236
07_0835 -1.082263 26 102 162 240
07_0836 -1.131817 225 64 251 90
07_0837 -1.202744 179 181 208 208
07_0838 -0.808535 23 90 165 240
07_0839 -0.782284 37 107 166 240
07_0840 -0.733244 31 85 177 240
07_0841 -0.648940 17 68 188 240
07_0842 -0.462269 25 66 193 240
07_0843 -0.455923 34 61 184 240
07_0844 -0.364445 33 50 181 240
07_0845 -0.313419 34 50 197 240
07_0846 -0.080502 32 47 200 240
07_0847 -0.262969 35 41 212 240
07_0848 -0.073503 43 22 225 240
07_0849 0.344552 49 16 232 240
07_0850 0.621098 48 17 239 240
07_0851 0.604049 48 14 235 240
07_0852 0.644078 61 11 241 240
07_0853 0.579320 65 10 245 240
07_0854 0.638180 49 1 248 240
07_0855 0.411119 58 1 256 240
07_0856 0.457770 62 1 260 240
07_0857 0.347748 64 1 273 240
07_0858 0.022588 73 1 296 240
07_0859 -0.248725 130 1 296 144
07_0860 -0.948371 128 1 320 240
07_0861 -1.018031 112 1 320 240
07_0862 -0.900944 26 1 157 122
07_0863 -1.082093 24 86 44 122
07_0864 -0.825787 117 1 320 113
07_0865 -0.303240 108 1 320 145
07_0866 -1.093475 16 85 51 120
07_0867 -1.092105 18 97 40 118
07_0868 -0.612324 112 1 316 143
07_0869 -0.668649 112 1 320 161
07_0870 -1.133125 95 67 117 112
07_0871 -1.125943 80 145 101 168
07_0872 -1.117088 59 122 82 146
07_0873 -1.111745 44 129 65 176
07_0874 -1.125816 71 12 100 152
07_0875 -1.167134 25 44 52 96
07_0876 -1.283698 17 177 48 207
07_0877 -1.263803 286 160 305 183
07_0878 -1.300884 250 49 287 84
07_0879 -1.269311 285 144 305 182
07_0880 -1.305031 259 47 289 66
07_0881 -1.237066 242 46 276 81
07_0882 -1.263739 253 49 279 87
07_0883 -200.000000 0 0 0 0
07_0884 -200.000000 0 0 0 0
07_0885 -200.000000 0 0 0 0
07_0886 -200.000000 0 0 0 0
07_0887 -200.000000 0 0 0 0
07_0888 -200.000000 0 0 0 0
07_0889 -200.000000 0 0 0 0
07_0890 -1.375471 273 1 299 31
07_0891 -200.000000 0 0 0 0
07_0892 -200.000000 0 0 0 0
07_0893 -200.000000 0 0 0 0
07_0894 -200.000000 0 0 0 0
07_0895 -1.292782 275 49 305 85
07_0896 -1.250348 258 14 289 64
07_0897 -1.266695 252 19 271 80
07_0898 -1.283801 289 34 312 122
07_0899 -1.275471 160 7 232 94
07_0900 -1.262098 177 5 225 94
07_0901 -1.250723 67 93 217 150
07_0902 -1.273800 42 29 126 128
07_0903 -1.215621 65 1 314 146
07_0904 -1.250358 286 39 305 113
07_0905 -1.253293 287 42 315 97
07_0906 -1.216378 289 37 314 94
07_0907 -1.078449 155 1 305 139
07_0908 -1.217735 29 1 275 185
07_0909 -1.131102 33 1 274 190
07_0910 -1.196520 26 11 111 117
07_0911 -1.206402 33 49 63 98
07_0912 -1.063891 32 33 106 128
07_0913 -1.061909 33 14 114 126
07_0914 -1.090452 47 55 107 133
07_0915 -1.145389 13 14 96 149
07_0916 -1.053864 193 1 282 160
07_0917 -1.017340 15 42 104 128
07_0918 -1.151615 269 60 304 96
07_0919 -1.138450 225 11 272 68
07_0920 -1.106919 258 8 299 27
07_0921 -1.210553 235 112 260 132
07_0922 -1.169262 39 88 128 112
07_0923 -1.108862 188 66 244 90
07_0924 -1.125811 287 49 307 107
07_0925 -1.103034 274 10 307 76
07_0926 -1.094394 266 25 291 67
07_0927 -1.111064 240 7 267 32
07_0928 -1.138635 119 82 186 109
07_0929 -1.139041 113 29 219 70
07_0930 -1.168907 208 33 240 69
07_0931 -1.154165 288 28 307 142
07_0932 -1.249988 256 14 306 59
07_0933 -1.216303 251 41 306 138
07_0934 -1.207263 287 29 306 65
07_0935 -1.296110 240 177 264 216
07_0936 -1.287891 217 145 273 224
07_0937 -1.235720 33 185 80 216
07_0938 -1.162777 279 75 303 109
07_0939 -1.130032 287 114 307 207
07_0940 -1.146560 272 57 302 80
07_0941 -1.147535 257 43 297 74
07_0942 -1.134230 251 34 298 80
07_0943 -1.128973 238 15 290 128
07_0944 -1.144697 269 70 293 134
07_0945 -1.149585 70 14 145 59
07_0946 -1.139912 258 38 289 83
07_0947 -1.133526 289 40 309 113
07_0948 -1.127495 249 65 278 192
07_0949 -1.085841 33 48 58 128
07_0950 -1.117510 18 34 69 107
07_0951 -1.106735 225 33 280 96
07_0952 -1.098733 276 17 296 48
07_0953 -1.102059 73 27 94 46
07_0954 -1.124722 96 73 144 104
07_0955 -1.146638 166 6 194 39
07_0956 -1.179235 264 80 297 109
07_0957 -1.099771 205 12 239 44
07_0958 -1.149303 201 31 241 71
07_0959 -1.187102 255 15 293 64
07_0960 -1.158458 65 51 96 70
07_0961 -1.154631 113 4 208 32
07_0962 -1.213519 29 143 54 176
07_0963 -1.158957 38 190 65 209
07_0964 -1.109164 48 165 74 200
07_0965 -1.112005 295 7 316 69
07_0966 -1.074636 57 7 95 60
07_0967 -1.107810 47 158 73 192
07_0968 -1.129088 64 177 88 202
07_0969 -1.132690 81 201 105 223
07_0970 -1.117615 56 25 90 122
07_0971 -1.085287 29 129 53 161
07_0972 -1.090129 12 108 31 151
07_0973 -1.063628 73 17 134 110
07_0974 -0.977437 66 42 155 118
07_0975 -1.098284 204 49 224 76
07_0976 -1.150318 102 161 145 191
07_0977 -1.154383 224 95 274 119
07_0978 -1.097110 143 127 194 164
07_0979 -1.128770 19 127 114 210
07_0980 -1.139234 61 177 103 208
07_0981 -1.151245 14 160 78 215
07_0982 -1.116575 16 160 79 210
07_0983 -1.164457 77 177 105 196
07_0984 -1.104000 48 91 114 158
07_0985 -0.928600 64 116 208 148
07_0986 -1.038398 33 121 145 162
07_0987 -1.053680 57 99 171 139
07_0988 -1.016284 19 47 179 118
07_0989 -1.025967 17 46 181 103
07_0990 -1.069467 49 27 167 98
07_0991 -1.084927 41 47 168 106
07_0992 -1.128558 57 94 209 151
07_0993 -1.112544 41 52 208 105
07_0994 -1.152105 209 9 232 60
07_0995 -1.122132 42 17 143 94
07_0996 -1.093688 65 65 144 127
07_0997 -0.991377 41 107 143 145
07_0998 -1.061558 293 13 317 65
07_0999 -1.086389 48 43 176 95
07_1000 -1.082883 15 26 144 86
07_1001 -1.148078 62 51 109 71
07_1002 -1.226349 290 16 316 88
07_1003 -1.238721 281 8 303 47
07_1004 -1.322311 224 28 255 48
07_1005 -1.339395 231 32 253 54
07_1006 -1.349094 113 193 138 224
07_1007 -1.308072 186 16 241 200
07_1008 -1.271000 288 1 315 80
07_1009 -1.179499 293 49 314 108
07_1010 -1.239543 201 137 224 180
07_1011 -1.193174 288 45 307 168
07_1012 -1.188949 288 68 309 192
07_1013 -1.196146 225 82 284 120
07_1014 -1.224813 94 137 170 193
07_1015 -1.144931 273 89 304 193
07_1016 -1.155635 286 19 306 184
07_1017 -1.143680 273 120 307 199
07_1018 -1.142076 253 95 292 144
07_1019 -1.123068 239 99 292 146
07_1020 -1.093469 211 63 245 177
07_1021 -1.087646 182 41 227 176
07_1022 -1.061377 289 8 310 40
07_1023 -1.114552 184 17 215 48
07_1024 -1.168625 253 36 306 74
07_1025 -1.120392 177 96 197 131
07_1026 -1.106652 208 20 263 81
07_1027 -1.106984 235 59 270 78
07_1028 -1.126345 249 97 272 139
07_1029 -1.150921 273 161 292 192
07_1030 -1.114747 296 1 315 64
07_1031 -1.117407 113 182 152 224
07_1032 -1.103431 112 181 132 224
07_1033 -1.114681 241 18 301 39
07_1034 -1.107690 171 11 192 34
07_1035 -1.118029 175 12 224 33
07_1036 -1.097008 256 16 285 37
07_1037 -1.131540 122 5 178 31
07_1038 -1.164796 187 33 257 53
07_1039 -1.119570 241 11 306 34
07_1040 -1.099262 146 15 176 38
07_1041 -1.114888 240 14 270 41
07_1042 -1.114125 181 33 202 55
07_1043 -1.083953 145 19 288 65
07_1044 -1.106571 281 41 304 60
07_1045 -1.093665 196 64 247 90
07_1046 -1.050391 195 70 240 111
07_1047 -1.095026 192 97 241 124
07_1048 -1.096985 209 98 254 128
07_1049 -1.016065 215 61 277 124
07_1050 -1.092470 218 120 247 143
07_1051 -1.087507 215 119 255 140
07_1052 -1.092878 223 114 251 151
07_1053 -1.123889 297 1 317 62
07_1054 -1.104029 283 54 310 95
07_1055 -1.112236 273 128 297 208
07_1056 -1.154319 257 173 288 208
07_1057 -1.215740 297 1 318 68
07_1058 -1.264877 171 12 203 40
07_1059 -1.154586 207 13 241 39
07_1060 -1.119814 283 122 306 194
07_1061 -1.141760 194 12 224 49
07_1062 -1.133812 288 31 307 55
07_1063 -1.229147 148 25 193 75
07_1064 -1.159501 218 26 257 48
07_1065 -1.127939 210 14 240 45
07_1066 -1.124675 273 81 304 100
07_1067 -1.123554 198 6 220 51
07_1068 -1.114459 239 31 258 50
07_1069 -1.134666 142 25 176 63
07_1070 -1.102229 290 11 310 42
07_1071 -1.123309 186 12 223 32
07_1072 -1.107913 194 10 225 69
07_1073 -1.101759 200 16 241 76
07_1074 -1.105130 201 33 225 65
07_1075 -1.138732 198 16 218 48
07_1076 -1.164604 181 5 215 33
07_1077 -1.131653 187 15 208 49
07_1078 -1.146494 241 96 265 124
07_1079 -1.139761 161 7 194 30
07_1080 -1.179536 182 8 226 40
07_1081 -1.146153 188 50 209 71
07_1082 -1.120588 82 9 113 34
07_1083 -1.127407 92 7 144 26
07_1084 -1.107377 65 9 84 38
07_1085 -1.171769 215 47 240 70
07_1086 -1.172974 80 18 104 48
07_1087 -1.172665 260 9 305 28
07_1088 -1.165401 229 61 263 84
07_1089 -1.133228 247 61 269 117
07_1090 -1.113843 289 12 308 35
07_1091 -1.108098 145 18 173 54
07_1092 -1.128900 136 25 176 60
07_1093 -1.161165 106 14 130 37
07_1094 -1.139537 159 11 192 61
07_1095 -1.142389 273 22 303 44
07_1096 -1.157355 158 68 183 88
07_1097 -1.147507 116 25 139 49
07_1098 -1.165130 254 31 286 56
07_1099 -1.119004 282 18 302 40
07_1100 -1.153659 96 4 121 23
07_1101 -1.169468 129 15 153 44
07_1102 -1.117686 277 11 305 32
07_1103 -1.112874 271 10 302 31
07_1104 -1.157081 146 8 178 27
07_1105 -1.174251 287 47 312 69
07_1106 -1.106948 281 20 308 40
07_1107 -1.107468 288 18 311 37
07_1108 -1.170519 287 100 316 144
07_1109 -1.173540 253 129 288 180
07_1110 -1.208346 288 22 309 160
07_1111 -1.240720 64 201 124 229
07_1112 -1.169996 272 146 305 193
07_1113 -1.149645 270 177 303 208
07_1114 -1.159402 224 161 243 180
07_1115 -1.164835 268 89 303 144
07_1116 -1.112544 185 201 234 224
07_1117 -1.162889 265 65 307 147
07_1118 -1.140238 287 17 309 224
07_1119 -1.134471 225 17 272 160
07_1120 -1.139715 258 48 292 96
07_1121 -1.127305 283 158 307 216
07_1122 -1.139027 272 11 307 65
07_1123 -1.102856 210 18 234 47
07_1124 -1.070475 42 55 96 81
07_1125 -1.088142 49 59 100 85
07_1126 -1.119603 258 57 287 96
07_1127 -1.124902 287 9 308 30
07_1128 -1.133672 268 23 288 62
07_1129 -1.132267 245 5 272 56
07_1130 -1.103558 16 28 83 69
07_1131 -1.130361 273 98 309 209
07_1132 -1.139152 288 99 310 229
07_1133 -1.124040 253 10 275 35
07_1134 -1.103567 217 9 240 32
07_1135 -1.133749 248 24 273 65
07_1136 -1.160551 171 56 237 81
07_1137 -1.145704 254 32 273 70
07_1138 -1.163658 73 11 130 40
07_1139 -1.154533 54 21 82 49
07_1140 -1.124090 151 24 186 48
07_1141 -1.116165 49 43 69 65
07_1142 -1.163225 57 1 116 84
07_1143 -1.129988 112 11 176 32
07_1144 -1.155029 64 33 105 76
07_1145 -1.145521 37 80 59 120
07_1146 -1.061593 41 48 81 144
07_1147 -1.106903 8 145 36 207
07_1148 -1.133342 18 141 39 185
07_1149 -1.129323 29 129 53 176
07_1150 -1.087860 8 27 41 143
07_1151 -1.109892 23 98 50 160
07_1152 -1.115524 41 47 63 160
07_1153 -1.063112 101 76 122 105
07_1154 -1.080107 59 16 86 147
07_1155 -1.072317 74 13 113 110
07_1156 -1.125758 96 17 135 76
07_1157 -1.128792 18 9 65 29
07_1158 -1.070143 97 35 145 113
07_1159 -1.101087 33 20 62 48
07_1160 -1.125716 123 49 160 73
07_1161 -1.104089 118 71 140 102
07_1162 -1.117971 34 43 67 79
07_1163 -1.099478 54 9 130 105
07_1164 -1.105026 110 80 151 134
07_1165 -1.094156 297 35 316 120
07_1166 -1.114929 32 39 81 64
07_1167 -1.107584 291 129 314 209
07_1168 -1.129110 224 11 255 33
07_1169 -1.109327 83 11 112 31
07_1170 -1.124732 32 33 73 66
07_1171 -1.118885 36 48 73 68
07_1172 -1.104870 290 124 316 206
07_1173 -1.103066 9 132 34 223
07_1174 -1.094575 22 101 58 207
07_1175 -1.109434 17 131 44 200
07_1176 -1.122536 12 104 31 130
07_1177 -1.121767 17 49 45 79
07_1178 -1.126379 17 51 41 143
07_1179 -1.102200 41 33 80 176
07_1180 -1.112493 13 110 32 161
07_1181 -1.147057 278 1 297 167
07_1182 -1.146463 161 18 191 39
07_1183 -1.254995 119 49 160 84
07_1184 -1.207637 88 81 112 192
07_1185 -1.188408 136 1 224 54
07_1186 -1.199471 267 19 291 47
07_1187 -1.196189 290 17 315 48
07_1188 -1.145602 286 23 307 44
07_1189 -1.129254 281 24 309 44
07_1190 -1.129265 238 13 271 58
07_1191 -1.111711 18 17 67 47
07_1192 -0.485400 80 1 240 225
07_1193 -0.183761 94 1 218 198
07_1194 0.668794 97 1 222 180
07_1195 0.587462 103 1 211 173
07_1196 0.766764 112 1 217 171
07_1197 -0.232420 147 1 231 151
07_1198 -0.057217 144 1 233 144
07_1199 -0.442819 138 1 234 146
07_1200 -0.971161 136 1 223 131
07_1201 -0.967153 146 1 239 140
07_1202 -1.062131 165 1 233 117
07_1203 -1.092872 97 131 136 151
07_1204 -1.134245 65 18 112 76
07_1205 -1.085886 32 35 163 112
07_1206 -1.094839 185 59 224 103
07_1207 -1.113194 10 158 45 180
07_1208 -1.117210 120 89 161 117
07_1209 -1.122747 176 90 239 117
07_1210 -1.075767 122 88 160 136
07_1211 -1.134962 138 105 176 130
07_1212 -1.122265 106 107 139 129
07_1213 -1.101121 121 108 146 130
07_1214 -1.170182 116 144 150 166
07_1215 -1.109259 105 116 132 137
07_1216 -1.170155 185 137 275 160
07_1217 -1.169473 105 174 144 198
07_1218 -1.166491 114 216 139 237
07_1219 -1.152164 105 192 152 212
07_1220 -1.125102 121 194 144 216
07_1221 -1.132559 17 177 54 199
07_1222 -1.121896 160 209 207 230
07_1223 -1.135452 175 200 200 225
07_1224 -1.153840 81 149 257 186
07_1225 -1.092670 186 209 222 235
07_1226 -1.108022 164 131 224 168
07_1227 -1.115896 111 137 144 161
07_1228 -1.101692 90 151 128 174
07_1229 -1.111526 99 173 128 192
07_1230 -1.169625 201 203 261 234
07_1231 -1.125727 129 179 157 207
07_1232 -1.169090 177 207 210 226
07_1233 -1.222208 225 161 277 208
07_1234 -1.227763 241 160 272 211
07_1235 -1.216111 208 171 251 232
07_1236 -1.149764 82 183 146 208
07_1237 -200.000000 0 0 0 0
07_1238 -1.211063 65 167 112 187
07_1239 -200.000000 0 0 0 0
07_1240 -1.241209 64 169 122 190
07_1241 -1.229832 56 173 114 197
07_1242 -200.000000 0 0 0 0
07_1243 -200.000000 0 0 0 0
07_1244 -1.322562 55 153 100 192
07_1245 -200.000000 0 0 0 0
07_1246 -1.271089 47 161 128 212
07_1247 -1.258954 57 171 120 195
07_1248 -1.234058 32 173 92 194
07_1249 -1.166428 49 185 80 208
07_1250 -1.231683 65 177 115 200
07_1251 -1.218359 64 170 117 199
07_1252 -1.252959 48 160 144 193
07_1253 -1.187198 49 185 160 225
07_1254 -1.196292 33 173 145 212
07_1255 -200.000000 0 0 0 0
07_1256 -1.277490 191 174 216 193
07_1257 -1.342809 201 139 288 185
07_1258 -1.122239 130 203 158 224
07_1259 -1.209717 241 162 298 223
07_1260 -1.166698 80 191 116 217
07_1261 -1.101927 33 177 61 196
07_1262 -1.124219 27 176 101 197
07_1263 -1.097354 33 173 53 196
07_1264 -1.149401 21 166 150 209
07_1265 -1.162766 292 112 314 196
07_1266 -1.119560 177 189 208 212
07_1267 -1.173508 18 180 117 201
07_1268 -1.138071 120 133 145 163
07_1269 -1.125940 48 189 129 210
07_1270 -1.104735 97 188 145 214
07_1271 -1.116604 128 196 177 224
07_1272 -1.102706 33 194 102 215
07_1273 -1.087499 49 191 128 216
07_1274 -1.082799 97 191 152 225
07_1275 -1.106116 124 199 161 224
07_1276 -1.103213 72 180 122 201
07_1277 -1.065400 53 158 73 180
07_1278 -1.073026 129 180 161 202
07_1279 -1.080218 98 177 146 207
07_1280 -1.053305 55 155 104 182
07_1281 -1.082478 33 144 80 181
07_1282 -1.077640 45 155 97 189
07_1283 -1.061830 29 21 70 62
07_1284 -1.073958 112 195 163 226
07_1285 -1.083773 106 198 142 228
07_1286 -1.056297 37 40 74 80
07_1287 -1.077588 73 64 145 166
07_1288 -1.079120 67 65 192 182
07_1289 -1.038413 75 69 152 172
07_1290 -1.216651 65 157 96 177
07_1291 -1.160725 50 129 76 168
07_1292 -1.222230 65 65 88 96
07_1293 -1.224796 49 72 200 179
07_1294 -1.217259 57 113 144 176
07_1295 -1.229343 89 171 152 192
07_1296 -1.222851 73 166 97 186
07_1297 -1.143432 33 129 147 208
07_1298 -1.208583 288 114 315 193
07_1299 -1.111746 32 98 144 165
07_1300 -1.140304 118 1 156 52
07_1301 -1.194477 290 49 313 191
07_1302 -1.048118 41 9 273 148
07_1303 -0.970143 25 10 280 176
07_1304 -1.169054 59 12 256 130
07_1305 -1.098914 51 13 272 140
07_1306 -1.151620 272 154 302 176
07_1307 -1.084744 52 13 272 142
07_1308 -1.120373 298 1 317 75
07_1309 -1.059012 50 14 254 144
07_1310 -1.180319 239 203 280 229
07_1311 -1.092935 31 1 279 179
07_1312 -1.080554 25 17 231 156
07_1313 -1.038276 31 19 260 155
07_1314 -1.113885 295 113 317 220
07_1315 -1.224690 297 1 317 207
07_1316 -1.202204 52 13 80 38
07_1317 -1.140689 289 137 308 159
07_1318 -1.061748 1 1 250 208
07_1319 -0.967835 1 1 241 168
07_1320 -1.080239 1 1 210 157
07_1321 -0.958253 39 18 241 185
07_1322 -1.114266 40 27 150 117
07_1323 -1.200058 180 37 231 173
07_1324 -1.139125 193 112 224 186
07_1325 -1.214282 177 32 227 112
07_1326 -1.233246 279 22 299 60
07_1327 -1.010901 242 71 276 99
07_1328 -1.225219 190 62 278 131
07_1329 -1.017353 185 117 261 208
07_1330 -1.128577 174 129 257 217
07_1331 -1.158110 19 30 106 118
07_1332 -1.186547 209 43 240 65
07_1333 -1.055015 42 86 126 140
07_1334 -1.136037 205 184 224 208
07_1335 -1.263101 177 33 256 80
07_1336 -1.131296 68 7 175 35
07_1337 -1.087671 65 33 113 77
07_1338 -1.091703 49 53 80 75
07_1339 -1.095968 32 50 104 72
07_1340 -1.114969 224 20 269 43
07_1341 -1.088853 11 61 51 81
07_1342 -1.083174 51 69 86 89
07_1343 -1.119889 120 80 152 100
07_1344 -1.091968 33 66 63 88
07_1345 -1.090522 187 57 216 80
07_1346 -1.095996 34 73 56 93
07_1347 -1.146292 83 124 119 154
07_1348 -1.075104 163 75 305 176
07_1349 -1.148078 95 81 139 117
07_1350 -1.149076 70 140 96 168
07_1351 -0.931716 208 188 246 216
07_1352 -200.000000 0 0 0 0
07_1353 -1.278898 25 51 62 110
07_1354 -1.235491 34 45 158 142
07_1355 -1.278540 30 79 50 104
07_1356 -200.000000 0 0 0 0
07_1357 -200.000000 0 0 0 0
07_1358 -200.000000 0 0 0 0
07_1359 -200.000000 0 0 0 0
07_1360 -200.000000 0 0 0 0
07_1361 -200.000000 0 0 0 0
07_1362 -200.000000 0 0 0 0
07_1363 -1.341700 194 48 225 68
07_1364 -1.267640 34 51 66 87
07_1365 -1.247073 182 49 255 98
07_1366 -1.230978 207 112 228 144
07_1367 -1.262240 43 35 265 206
