07_0001 -1.550595 129 13 242 128 1
07_0002 -1.514251 1 43 241 240 1
07_0003 -1.522106 113 66 256 240 1
07_0004 -1.521514 152 108 245 240 1
07_0005 -1.527871 162 79 241 112 1
07_0006 -1.541831 161 50 228 240 1
07_0007 -1.583069 193 129 215 240 1
07_0008 -1.583412 192 93 306 240 1
07_0009 -1.575311 273 129 320 240 1
07_0010 -1.532178 162 128 320 240 1
07_0011 -1.542622 98 104 152 240 1
07_0012 -1.556033 273 128 320 240 1
07_0013 -1.540517 145 65 199 120 1
07_0014 -1.5794 299 145 320 240 1
07_0015 -1.577782 15 210 85 240 1
07_0016 -1.566099 71 219 112 240 1
07_0017 -1.560866 288 95 320 240 1
07_0018 -1.570054 290 33 320 240 1
07_0019 -1.575525 208 206 264 240 1
07_0020 -1.561111 34 215 64 240 1
07_0021 -1.534111 299 126 320 240 1
07_0022 -1.566072 16 210 62 240 1
07_0023 -1.567539 289 129 320 240 1
07_0024 -1.565566 301 152 320 240 1
07_0025 -1.543951 299 96 320 240 1
07_0026 -1.582308 290 218 317 240 1
07_0027 -1.559437 257 219 281 240 1
07_0028 -1.582013 225 206 248 240 1
07_0029 -1.56886 297 205 317 240 1
07_0030 -1.570606 172 218 200 240 1
07_0031 -1.571187 241 206 288 240 1
07_0032 -1.569479 80 53 144 240 1
07_0033 -1.56415 44 96 113 240 1
07_0034 -1.534138 49 195 144 240 1
07_0035 -1.550035 1 130 48 240 1
07_0036 -1.594286 129 129 208 240 1
07_0037 -1.507876 161 49 288 240 1
07_0038 -1.54143 146 97 236 240 1
07_0039 -1.564726 1 129 81 240 1
07_0040 -1.523805 1 119 49 240 1
07_0041 -1.534912 17 191 53 240 1
07_0042 -1.501029 8 161 223 240 1
07_0043 -1.446749 97 157 195 198 1
07_0044 -1.421628 66 99 192 153 1
07_0045 -1.408872 66 82 202 150 1
07_0046 -1.278248 73 196 161 225 4
07_0047 -1.216926 98 180 209 240 4
07_0048 -1.275247 193 193 230 232 4
07_0049 -1.222678 151 177 207 200 4
07_0050 -1.275552 224 173 257 193 4
07_0051 -1.255969 109 173 132 196 4
07_0052 -1.278813 53 177 79 206 4
07_0053 -1.221779 250 182 288 209 4
07_0054 -1.227594 109 178 129 208 4
07_0055 -1.380265 118 124 181 196 2
07_0056 -1.328038 37 25 161 136 2
07_0057 -1.156216 9 1 160 102 2
07_0058 -1.032518 1 18 177 159 2
07_0059 -1.16291 96 1 288 214 1
07_0060 -1.115158 109 17 128 48 4
07_0061 -1.121757 105 18 127 40 4
07_0062 -1.147332 111 18 144 47 4
07_0063 -1.169273 129 32 165 56 4
07_0064 -1.125812 98 8 127 28 4
07_0065 -1.126943 111 16 144 68 4
07_0066 -1.083885 117 17 169 61 4
07_0067 -1.095606 128 17 169 50 4
07_0068 -1.173226 112 30 153 136 4
07_0069 -1.039932 209 150 280 240 2
07_0070 -1.124902 152 32 176 62 4
07_0071 -0.794792 215 134 292 240 2
07_0072 -0.911012 223 135 320 240 2
07_0073 -1.09199 169 5 201 37 4
07_0074 -1.142351 193 29 219 103 4
07_0075 -1.121878 233 5 265 50 4
07_0076 -1.073372 129 14 252 145 4
07_0077 -1.047162 207 26 258 128 4
07_0078 -1.090741 139 14 263 136 4
07_0079 -1.155453 49 22 112 49 4
07_0080 -1.116029 207 31 259 117 4
07_0081 -1.151106 160 17 257 122 4
07_0082 -1.104846 97 1 317 209 1
07_0083 -1.121574 108 20 139 39 4
07_0084 -1.130856 170 43 194 64 4
07_0085 -1.112555 54 19 101 58 4
07_0086 -1.251102 17 85 74 112 4
07_0087 -1.236697 32 36 72 59 4
07_0088 -1.150933 141 26 161 49 4
07_0089 -1.129824 206 10 225 32 4
07_0090 -1.098625 125 51 145 70 4
07_0091 -1.099319 73 24 113 51 4
07_0092 -1.124469 82 16 110 37 4
07_0093 -1.124319 112 17 133 41 4
07_0094 -1.106257 119 17 152 42 4
07_0095 -1.123522 49 30 70 49 4
07_0096 -1.15966 111 22 176 45 4
07_0097 -1.217313 105 32 153 54 4
07_0098 -1.157736 46 14 74 42 4
07_0099 -1.160119 10 12 64 40 4
07_0100 -1.195215 65 11 127 40 4
07_0101 -1.24001 96 1 200 29 4
07_0102 -1.182481 80 11 128 32 4
07_0103 -1.160512 123 1 320 121 1
07_0104 -1.149002 58 25 80 47 4
07_0105 -1.160096 33 29 94 48 4
07_0106 -1.161028 41 43 70 64 4
07_0107 -1.145493 177 46 199 71 4
07_0108 -1.159607 127 37 146 59 4
07_0109 -1.160282 124 19 157 41 4
07_0110 -1.16719 226 25 266 48 4
07_0111 -1.16225 290 11 313 61 4
07_0112 -1.199562 81 17 141 48 4
07_0113 -1.199515 144 26 176 48 4
07_0114 -1.153813 50 15 129 79 4
07_0115 -1.157743 114 44 150 73 4
07_0116 -1.125253 11 47 41 66 4
07_0117 -1.116644 129 82 160 104 4
07_0118 -1.112531 129 62 162 88 4
07_0119 -1.120646 82 74 110 96 4
07_0120 -1.09129 50 57 75 84 4
07_0121 -1.113111 170 56 224 83 4
07_0122 -1.091394 16 33 35 61 4
07_0123 -1.062129 45 97 68 118 4
07_0124 -1.102658 19 81 73 112 4
07_0125 -1.0048 1 67 320 240 1
07_0126 -1.002784 115 61 161 108 4
07_0127 -1.034654 177 14 256 100 4
07_0128 -1.071217 1 67 317 218 1
07_0129 -1.029713 1 69 320 215 1
07_0130 -1.073947 1 108 245 203 1
07_0131 -0.967038 98 56 179 127 4
07_0132 -1.103127 13 34 33 59 4
07_0133 -1.113421 86 75 158 97 4
07_0134 -1.090542 65 43 97 79 4
07_0135 -1.0989 35 46 128 82 4
07_0136 -1.117523 65 54 145 73 4
07_0137 -1.113796 160 42 193 73 4
07_0138 -1.132184 26 22 94 43 4
07_0139 -1.146534 114 25 144 47 4
07_0140 -1.234215 66 6 151 32 4
07_0141 -1.26885 242 194 273 230 4
07_0142 -1.263634 240 177 303 234 4
07_0143 -1.273355 49 1 320 21 1
07_0144 -1.272938 241 185 274 211 4
07_0145 -1.264726 206 156 256 184 4
07_0146 -1.26983 176 186 207 224 4
07_0147 -1.273041 207 207 226 226 4
07_0148 -1.260005 188 162 239 217 4
07_0149 -1.270154 287 201 306 226 4
07_0150 -1.267839 281 201 306 226 4
07_0151 -1.369825 252 136 275 161 4
07_0152 -1.273199 288 188 309 209 4
07_0153 -1.537012 1 160 38 240 1
07_0154 -1.51953 1 172 48 240 1
07_0155 -1.538432 1 155 36 240 1
07_0156 -1.489052 177 54 280 107 1
07_0157 -1.487817 1 15 289 145 1
07_0158 -1.405028 18 57 279 145 1
07_0159 -1.312737 18 41 288 161 1
07_0160 -1.200849 1 27 320 173 1
07_0161 -1.199625 34 17 304 163 1
07_0162 -1.174635 16 27 320 172 1
07_0163 -1.1859 33 65 312 176 1
07_0164 -1.174424 1 47 320 198 1
07_0165 -1.195037 1 36 320 204 1
07_0166 -1.213411 45 48 312 176 1
07_0167 -1.177866 1 33 320 197 1
07_0168 -1.18351 1 49 288 195 1
07_0169 -1.158579 33 65 312 177 1
07_0170 -1.192803 1 1 320 195 1
07_0171 -1.158841 1 1 320 197 1
07_0172 -1.244916 1 49 316 202 1
07_0173 -1.248006 64 159 209 227 1
07_0174 -1.264456 1 65 190 205 1
07_0175 -1.222072 1 128 199 217 1
07_0176 -1.308462 1 1 228 160 1
07_0177 -1.216965 161 145 224 231 1
07_0178 -1.216794 1 145 192 229 1
07_0179 -1.280752 146 139 247 229 1
07_0180 -1.094638 32 31 54 64 4
07_0181 -1.128612 7 12 33 42 4
07_0182 -1.123384 9 3 50 22 4
07_0183 -1.103807 41 43 60 65 4
07_0184 -1.307586 16 144 177 230 1
07_0185 -1.224096 130 195 197 232 1
07_0186 -1.16704 65 12 88 34 4
07_0187 -1.180481 41 97 310 200 1
07_0188 -1.193324 1 43 288 212 2
07_0189 -1.115243 27 105 313 191 1
07_0190 -1.299093 1 102 314 192 2
07_0191 -1.16196 105 144 284 231 4
07_0192 -1.298805 65 188 96 208 4
07_0193 -1.269893 1 150 156 240 2
07_0194 -1.127199 1 129 248 240 2
07_0195 -1.235949 246 142 266 162 4
07_0196 -1.308191 91 121 208 140 4
07_0197 -1.368397 13 150 49 208 4
07_0198 -1.238002 241 177 264 205 4
07_0199 -1.270557 234 203 266 225 4
07_0200 -1.185462 237 208 257 232 4
07_0201 -1.195501 1 29 256 167 2
07_0202 -1.142156 132 156 152 180 4
07_0203 -1.16637 228 177 247 199 4
07_0204 -1.276886 34 199 64 222 4
07_0205 -1.247982 222 176 245 195 4
07_0206 -1.238078 86 96 112 144 4
07_0207 -1.190004 193 130 213 151 4
07_0208 -1.318862 15 192 58 227 4
07_0209 -1.264626 55 133 78 157 4
07_0210 -1.254906 177 191 204 211 4
07_0211 -1.333418 135 81 157 100 4
07_0212 -1.327968 160 111 197 141 4
07_0213 -1.291829 184 128 213 152 4
07_0214 -1.249644 1 11 145 113 2
07_0215 -1.154113 76 87 96 112 4
07_0216 -1.234629 114 128 134 153 4
07_0217 -1.276365 33 145 92 209 4
07_0218 -1.276535 48 150 67 176 4
07_0219 -1.121923 87 113 106 138 4
07_0220 -1.115948 78 142 97 164 4
07_0221 -1.162042 4 108 34 153 4
07_0222 -1.130117 212 142 232 164 4
07_0223 -1.15165 111 132 240 226 4
07_0224 -1.16912 249 138 278 165 4
07_0225 -1.128845 81 97 129 118 4
07_0226 -1.135757 170 112 217 132 4
07_0227 -1.139568 15 115 111 134 4
07_0228 -1.138523 142 97 176 117 4
07_0229 -1.222095 247 177 287 208 4
07_0230 -1.174008 272 135 304 158 4
07_0231 -1.207291 81 144 252 165 4
07_0232 -1.192299 240 133 307 169 4
07_0233 -1.171836 97 142 239 162 4
07_0234 -1.169614 133 208 161 227 4
07_0235 -1.170651 81 171 255 199 4
07_0236 -1.126938 48 204 80 224 4
07_0237 -1.253172 272 162 313 193 4
07_0238 -1.225232 161 153 264 175 4
07_0239 -1.274013 289 144 315 192 4
07_0240 -1.27609 93 183 197 202 4
07_0241 -1.621067 85 11 112 80 1
07_0242 -1.230099 144 183 201 209 4
07_0243 -1.272514 128 166 250 218 4
07_0244 -1.197454 175 183 224 221 4
07_0245 -1.226369 201 170 272 189 4
07_0246 -1.260607 236 146 306 181 4
07_0247 -1.327965 124 113 146 136 4
07_0248 -1.218075 221 189 256 208 4
07_0249 -1.212194 289 145 316 222 4
07_0250 -1.266208 139 128 158 160 4
07_0251 -1.227492 257 159 307 223 4
07_0252 -1.209378 285 180 307 206 4
07_0253 -1.201644 225 145 247 164 4
07_0254 -1.234995 129 145 149 188 4
07_0255 -1.199147 154 114 250 183 4
07_0256 -1.288884 129 145 154 170 4
07_0257 -1.226079 145 137 177 187 4
07_0258 -1.203218 240 141 278 176 4
07_0259 -1.24548 153 112 180 144 4
07_0260 -1.176295 167 136 207 177 4
07_0261 -1.218914 273 193 303 221 4
07_0262 -1.234372 273 79 297 113 4
07_0263 -1.150108 130 150 160 212 4
07_0264 -1.224337 294 132 315 223 4
07_0265 -1.192616 201 93 288 160 4
07_0266 -1.145137 145 168 164 191 4
07_0267 -1.136669 210 112 273 163 4
07_0268 -1.131547 208 139 228 160 4
07_0269 -1.148128 193 142 224 176 4
07_0270 -1.069772 110 11 184 142 4
07_0271 -1.120716 225 189 257 224 4
07_0272 -1.150397 149 204 186 225 4
07_0273 -1.171586 175 65 224 102 4
07_0274 -1.163886 272 121 291 156 4
07_0275 -1.157916 256 153 280 178 4
07_0276 -1.060445 209 97 241 120 4
07_0277 -1.176083 175 188 212 211 4
07_0278 -1.092851 125 144 166 185 4
07_0279 -1.124138 183 192 209 225 4
07_0280 -1.181531 205 145 246 177 4
07_0281 -1.147345 221 173 257 193 4
07_0282 -1.121828 192 105 224 161 4
07_0283 -1.156128 193 193 217 227 4
07_0284 -1.135917 240 143 264 176 4
07_0285 -1.110111 236 143 257 180 4
07_0286 -1.144443 277 150 309 209 4
07_0287 -1.122297 225 96 256 137 4
07_0288 -1.153028 226 98 272 146 4
07_0289 -1.153897 225 81 272 104 4
07_0290 -1.121767 297 64 317 177 4
07_0291 -1.148144 234 172 257 198 4
07_0292 -1.105228 240 176 264 224 4
07_0293 -1.114666 240 176 260 199 4
07_0294 -1.107198 241 129 264 157 4
07_0295 -1.12514 235 127 267 172 4
07_0296 -1.128057 235 176 259 204 4
07_0297 -1.112635 251 142 270 184 4
07_0298 -1.070413 297 49 316 106 4
07_0299 -1.13839 161 137 180 161 4
07_0300 -1.115372 259 152 282 175 4
07_0301 -1.088611 268 110 288 131 4
07_0302 -1.095767 281 108 304 150 4
07_0303 -1.136407 157 150 178 192 4
07_0304 -1.121289 163 148 184 177 4
07_0305 -1.11458 240 140 296 178 4
07_0306 -1.126627 166 161 192 194 4
07_0307 -1.126458 224 137 257 165 4
07_0308 -1.15432 206 172 241 194 4
07_0309 -1.154783 271 173 294 208 4
07_0310 -1.142648 256 141 295 219 4
07_0311 -1.124106 292 73 314 192 4
07_0312 -1.140258 256 96 284 120 4
07_0313 -1.135891 233 177 272 216 4
07_0314 -1.132487 269 162 288 192 4
07_0315 -1.130067 288 136 307 160 4
07_0316 -1.124226 247 96 274 122 4
07_0317 -1.161793 193 45 257 81 4
07_0318 -1.123101 248 97 305 193 4
07_0319 -1.099576 273 85 308 188 4
07_0320 -1.130504 137 157 164 192 4
07_0321 -1.119344 266 144 290 173 4
07_0322 -1.13997 219 195 242 224 4
07_0323 -1.15255 288 66 310 116 4
07_0324 -1.071846 254 110 275 136 4
07_0325 -1.147301 288 84 310 132 4
07_0326 -1.147535 272 85 302 113 4
07_0327 -1.089023 252 144 290 177 4
07_0328 -1.124866 270 159 300 183 4
07_0329 -1.104367 279 113 307 143 4
07_0330 -1.131552 289 127 308 160 4
07_0331 -1.109799 226 143 255 174 4
07_0332 -1.129623 258 135 290 154 4
07_0333 -1.107975 288 152 307 193 4
07_0334 -1.111997 283 148 307 178 4
07_0335 -1.118608 237 155 273 175 4
07_0336 -1.12747 257 156 289 177 4
07_0337 -1.084536 232 161 255 182 4
07_0338 -1.115695 233 162 255 192 4
07_0339 -1.119528 276 183 306 214 4
07_0340 -1.190951 28 96 49 195 4
07_0341 -1.137721 203 151 273 173 4
07_0342 -1.134926 277 190 300 216 4
07_0343 -1.158469 97 173 128 208 4
07_0344 -1.082365 40 23 78 47 4
07_0345 -1.132594 257 175 288 200 4
07_0346 -1.150937 82 185 128 208 4
07_0347 -1.125884 241 187 271 207 4
07_0348 -1.1736 141 159 168 224 4
07_0349 -1.145651 253 202 279 224 4
07_0350 -1.082922 240 17 289 44 4
07_0351 -1.043217 37 30 79 63 4
07_0352 -1.144409 205 195 236 223 4
07_0353 -1.148934 204 200 241 224 4
07_0354 -0.989626 240 175 283 205 4
07_0355 -1.017627 266 163 291 205 4
07_0356 -1.145264 297 109 316 161 4
07_0357 -1.036644 265 47 296 68 4
07_0358 -0.624371 25 6 114 69 2
07_0359 -0.553509 23 9 111 70 2
07_0360 -0.448308 19 9 118 72 2
07_0361 -0.628236 20 13 111 80 2
07_0362 -0.648161 15 1 113 83 2
07_0363 -0.532019 12 17 110 87 2
07_0364 -0.557503 13 16 104 94 2
07_0365 -0.527537 14 24 110 88 2
07_0366 -0.611771 13 26 106 80 2
07_0367 -0.443947 11 12 102 101 2
07_0368 -0.405126 5 30 106 103 2
07_0369 -0.385948 10 17 103 104 2
07_0370 -0.407994 9 33 114 102 2
07_0371 -0.609602 15 34 105 83 2
07_0372 -0.244079 8 13 99 99 2
07_0373 -0.232435 1 17 104 110 2
07_0374 -0.212684 1 25 97 96 2
07_0375 -0.500434 1 8 97 109 2
07_0376 -0.223381 3 41 100 114 2
07_0377 -0.068082 3 41 104 92 2
07_0378 -0.27927 1 44 99 115 2
07_0379 -0.744889 20 46 100 98 2
07_0380 -0.432075 15 46 99 96 2
07_0381 -0.316001 1 39 101 91 2
07_0382 0.206203 1 48 106 112 2
07_0383 -0.035738 1 48 108 127 2
07_0384 0.267103 1 28 120 134 2
07_0385 0.050663 19 53 116 108 2
07_0386 0.339194 1 31 119 134 2
07_0387 0.471767 1 31 123 138 2
07_0388 0.014844 1 31 160 140 2
07_0389 0.014387 1 58 121 141 2
07_0390 0.165146 1 33 130 146 2
07_0391 -0.03104 1 67 150 129 2
07_0392 -0.337144 1 75 114 156 2
07_0393 0.10933 1 79 112 139 2
07_0394 -0.184543 1 87 104 144 2
07_0395 -0.094202 1 87 104 143 2
07_0396 -0.229336 1 89 95 142 2
07_0397 -0.593229 1 91 92 140 2
07_0398 -0.352091 1 97 98 151 2
07_0399 -0.362425 1 81 98 151 2
07_0400 -0.334864 1 101 95 161 2
07_0401 0.074579 1 98 104 157 2
07_0402 -0.019852 1 105 109 168 2
07_0403 0.178722 1 102 111 169 2
07_0404 0.225787 1 100 115 174 2
07_0405 0.28589 1 102 113 169 2
07_0406 -0.180448 1 103 116 178 2
07_0407 0.347222 1 97 120 171 2
07_0408 0.61701 1 97 127 166 2
07_0409 -0.595429 1 87 120 170 2
07_0410 -1.102165 209 11 256 44 4
07_0411 -1.098515 193 6 256 39 4
07_0412 -1.109522 206 6 237 25 4
07_0413 -1.145983 191 33 212 66 4
07_0414 -1.164723 188 63 209 111 4
07_0415 -1.143446 193 8 225 30 4
07_0416 -1.152237 224 12 259 31 4
07_0417 -1.110178 139 21 160 40 4
07_0418 -1.11986 204 13 227 32 4
07_0419 -1.177493 187 22 209 44 4
07_0420 -1.11558 158 7 182 36 4
07_0421 -1.125103 192 16 220 45 4
07_0422 -1.102582 272 3 307 25 4
07_0423 -1.146424 218 32 289 56 4
07_0424 -1.120185 160 90 184 160 4
07_0425 -1.165747 297 1 317 81 4
07_0426 -1.132304 288 1 315 84 4
07_0427 -1.174169 239 74 268 103 4
07_0428 -1.203992 288 1 316 94 4
07_0429 -1.187766 289 1 316 175 4
07_0430 -1.244932 288 18 315 118 4
07_0431 -1.103344 10 72 64 98 4
07_0432 -1.120297 160 127 180 152 4
07_0433 -1.1019 291 28 310 55 4
07_0434 -1.089208 289 33 308 54 4
07_0435 -1.119957 214 52 248 78 4
07_0436 -1.106434 268 41 306 62 4
07_0437 -1.136676 220 105 240 137 4
07_0438 -1.117668 273 33 302 64 4
07_0439 -1.15045 160 112 180 148 4
07_0440 -1.107575 212 105 234 145 4
07_0441 -1.095866 292 17 317 104 4
07_0442 -1.171023 288 82 315 105 4
07_0443 -1.138083 211 107 232 129 4
07_0444 -1.129657 296 1 317 159 4
07_0445 -1.141465 273 113 307 161 4
07_0446 -1.168868 1 96 107 172 2
07_0447 -1.12326 1 93 112 160 2
07_0448 -0.961696 1 89 125 177 2
07_0449 -0.936321 1 97 127 164 2
07_0450 -0.996705 1 92 122 157 2
07_0451 -0.886656 1 86 135 177 2
07_0452 -0.896833 1 87 155 193 2
07_0453 -0.737487 1 80 147 176 2
07_0454 -0.513596 1 75 152 175 2
07_0455 -0.586818 1 71 154 180 2
07_0456 -0.524111 1 64 163 158 2
07_0457 -0.365465 1 65 171 178 2
07_0458 -0.380845 1 60 177 166 2
07_0459 -0.346993 1 56 177 171 2
07_0460 -0.321899 1 55 170 142 2
07_0461 -0.430685 1 52 170 137 2
07_0462 -0.29396 1 47 168 166 2
07_0463 -0.291724 1 41 172 127 2
07_0464 -0.113686 1 19 180 163 2
07_0465 -0.121328 1 16 178 164 2
07_0466 -0.030011 1 16 179 160 2
07_0467 -0.028854 1 13 177 164 2
07_0468 -0.494607 1 30 158 115 2
07_0469 -0.478447 1 30 177 147 2
07_0470 -0.523652 1 38 162 163 2
07_0471 -0.705419 1 39 161 165 2
07_0472 -0.893666 1 18 176 162 2
07_0473 -0.74185 1 48 172 142 2
07_0474 -0.900642 1 49 193 139 2
07_0475 -0.584427 1 17 225 185 2
07_0476 -0.659984 1 56 182 167 2
07_0477 -0.381764 1 23 184 176 2
07_0478 -0.384849 1 24 194 172 2
07_0479 -0.214083 1 24 194 166 2
07_0480 -0.180945 1 16 225 165 2
07_0481 0.020038 1 37 234 146 2
07_0482 0.018654 13 31 239 139 2
07_0483 0.127917 24 35 251 161 2
07_0484 0.182532 1 20 253 122 2
07_0485 0.334307 13 19 257 117 2
07_0486 0.382192 1 14 255 120 2
07_0487 -0.115866 1 1 251 113 2
07_0488 -0.079771 1 1 252 109 2
07_0489 0.266893 152 78 191 157 4
07_0490 0.019133 156 76 187 149 4
07_0491 0.271174 149 69 184 151 4
07_0492 0.756543 149 71 185 152 4
07_0493 0.580376 146 68 184 153 4
07_0494 0.20282 144 63 179 153 4
07_0495 0.328556 140 75 177 152 4
07_0496 -0.582466 136 58 166 154 4
07_0497 0.294183 139 75 172 152 4
07_0498 0.301346 138 71 169 143 4
07_0499 0.478361 141 68 173 151 4
07_0500 0.727766 142 63 176 139 4
07_0501 0.701689 144 62 177 136 4
07_0502 1.112985 140 56 181 147 4
07_0503 0.801661 146 59 181 135 4
07_0504 0.816768 148 59 185 141 4
07_0505 0.240655 150 59 183 129 4
07_0506 0.750341 151 61 185 143 4
07_0507 1.244899 145 57 187 143 4
07_0508 1.014273 143 59 182 144 4
07_0509 1.398985 128 58 176 140 4
07_0510 1.36988 129 57 174 147 4
07_0511 1.115155 129 55 175 149 4
07_0512 1.149015 128 55 170 148 4
07_0513 1.297786 133 57 172 145 4
07_0514 1.34824 136 59 173 138 4
07_0515 0.70189 125 59 182 145 4
07_0516 0.899292 129 54 172 132 4
07_0517 1.726945 133 58 176 141 4
07_0518 0.995118 122 58 181 145 4
07_0519 1.52674 128 55 172 144 4
07_0520 1.203556 128 60 176 148 4
07_0521 1.426386 129 60 169 144 4
07_0522 1.353504 128 59 170 150 4
07_0523 1.507824 126 55 169 145 4
07_0524 1.242714 128 56 165 142 4
07_0525 1.4059 127 60 173 146 4
07_0526 1.539814 124 57 174 146 4
07_0527 1.453593 128 57 168 147 4
07_0528 0.936076 132 65 168 145 4
07_0529 1.080709 132 65 171 148 4
07_0530 0.638325 134 75 168 155 4
07_0531 0.342145 133 79 172 165 4
07_0532 0.596737 122 80 169 173 4
07_0533 1.195044 125 79 166 164 4
07_0534 0.270791 130 85 163 166 4
07_0535 1.002301 128 85 173 175 4
07_0536 0.786131 131 89 179 172 4
07_0537 0.094161 137 97 171 178 4
07_0538 -1.091292 209 88 255 120 4
07_0539 -1.05407 239 69 266 111 4
07_0540 -1.070638 67 93 167 190 4
07_0541 -1.011658 297 23 316 96 4
07_0542 -1.057452 99 16 123 35 4
07_0543 -1.088552 128 49 210 191 4
07_0544 -1.127397 225 33 250 52 4
07_0545 -1.10896 175 59 207 83 4
07_0546 -1.148437 66 10 97 31 4
07_0547 -1.060193 227 71 260 176 4
07_0548 -1.138942 296 140 315 216 4
07_0549 -1.044936 151 160 213 240 4
07_0550 -1.079263 99 48 124 67 4
07_0551 -1.095671 224 49 299 160 4
07_0552 -1.099216 266 109 299 147 4
07_0553 -1.072747 225 49 286 144 4
07_0554 -1.030196 17 134 56 223 4
07_0555 -1.098077 46 127 94 190 4
07_0556 -1.129166 262 162 284 197 4
07_0557 -1.101774 63 145 102 225 4
07_0558 -1.04494 35 101 59 142 4
07_0559 -1.139888 128 78 156 109 4
07_0560 -1.121478 140 93 168 112 4
07_0561 -1.106684 48 57 72 93 4
07_0562 -1.172405 53 38 110 129 4
07_0563 -1.060656 10 5 122 95 4
07_0564 -1.075138 57 46 78 81 4
07_0565 -1.134758 17 34 55 59 4
07_0566 -1.113577 70 55 94 96 4
07_0567 -1.141954 68 24 95 100 4
07_0568 -1.11969 89 96 112 143 4
07_0569 -1.068259 73 31 97 66 4
07_0570 -1.123818 1 1 152 162 2
07_0571 -1.084697 93 12 126 54 4
07_0572 -1.09704 112 22 141 51 4
07_0573 -1.141511 1 97 228 216 1
07_0574 -1.081825 15 83 137 217 1
07_0575 -1.134693 17 1 213 187 1
07_0576 -1.167489 1 74 145 192 1
07_0577 -1.014532 142 129 191 204 1
07_0578 -1.11028 148 77 209 184 4
07_0579 -0.946448 152 93 212 193 1
07_0580 -0.269763 150 101 197 197 4
07_0581 0.03139 160 97 200 177 4
07_0582 0.286056 162 96 204 185 4
07_0583 0.346867 163 92 208 177 4
07_0584 0.315134 168 92 209 185 4
07_0585 0.649012 169 89 211 179 4
07_0586 0.493046 172 89 208 176 4
07_0587 0.916079 173 88 214 179 4
07_0588 0.645479 169 87 219 188 4
07_0589 0.732942 176 87 216 183 4
07_0590 0.244024 182 93 214 177 4
07_0591 -0.541014 188 93 217 178 4
07_0592 0.941695 183 88 221 181 4
07_0593 0.615129 183 97 225 184 4
07_0594 1.036116 185 84 227 176 4
07_0595 1.058315 184 87 225 187 4
07_0596 0.563049 187 85 237 179 4
07_0597 1.542721 185 87 231 179 4
07_0598 0.740327 185 91 241 183 4
07_0599 1.341013 185 81 230 176 4
07_0600 1.318426 190 85 230 179 4
07_0601 1.231254 189 80 230 175 4
07_0602 1.677117 182 84 233 177 4
07_0603 0.585033 185 73 228 181 4
07_0604 0.975978 180 81 230 176 4
07_0605 0.749025 192 82 225 175 4
07_0606 1.559967 186 80 231 176 4
07_0607 1.083206 189 80 229 171 4
07_0608 1.314262 186 80 228 179 4
07_0609 0.414086 192 81 230 181 4
07_0610 1.163625 182 81 230 179 4
07_0611 1.696765 187 86 229 182 4
07_0612 1.768265 185 93 228 193 4
07_0613 1.379996 183 97 225 203 4
07_0614 1.697932 178 107 222 204 4
07_0615 1.285078 183 113 224 207 4
07_0616 1.47562 178 117 225 214 4
07_0617 1.51487 179 120 224 208 4
07_0618 1.512557 182 124 223 218 4
07_0619 1.308738 181 129 220 225 4
07_0620 0.781228 177 140 219 225 4
07_0621 0.639487 184 149 221 232 4
07_0622 -0.149079 180 150 222 240 4
07_0623 0.041439 181 143 226 228 4
07_0624 -0.155301 180 144 220 224 4
07_0625 -0.28983 185 150 229 240 4
07_0626 0.50135 183 145 224 230 4
07_0627 0.163403 185 144 225 234 4
07_0628 -0.708436 183 145 240 233 4
07_0629 -0.67869 185 144 225 208 4
07_0630 -0.818953 192 144 223 223 4
07_0631 -0.587561 187 147 222 209 4
07_0632 -0.918491 186 157 228 240 4
07_0633 -0.831739 177 162 230 240 4
07_0634 -0.972012 188 153 225 240 4
07_0635 -0.898176 185 145 225 200 4
07_0636 -0.963649 185 163 229 240 4
07_0637 -1.01853 191 161 229 240 4
07_0638 -0.587734 198 164 227 225 4
07_0639 -1.144833 200 161 236 221 4
07_0640 -1.04816 193 145 235 210 4
07_0641 -1.144723 13 34 94 126 4
07_0642 -1.139128 176 17 201 37 4
07_0643 -1.132754 229 49 292 76 4
07_0644 -1.106561 15 32 95 134 4
07_0645 -1.133698 35 9 175 100 4
07_0646 -1.134943 79 10 105 40 4
07_0647 -1.11923 93 33 126 80 4
07_0648 -1.126951 90 44 123 74 4
07_0649 -1.103838 92 38 144 64 4
07_0650 -1.103999 58 18 82 39 4
07_0651 -1.103518 59 19 96 40 4
07_0652 -1.130341 59 14 99 47 4
07_0653 -1.101813 22 14 49 33 4
07_0654 -1.144665 192 143 240 220 4
07_0655 -1.139399 145 45 214 74 4
07_0656 -1.136737 191 44 220 63 4
07_0657 -1.137741 51 16 92 48 4
07_0658 -1.149097 135 18 185 40 4
07_0659 -1.128002 154 12 184 46 4
07_0660 -1.137574 112 23 161 47 4
07_0661 -1.06533 189 171 222 229 4
07_0662 -1.059103 183 164 214 227 4
07_0663 -1.146958 113 30 135 51 4
07_0664 -0.71217 171 158 214 225 4
07_0665 -0.992906 171 160 213 240 4
07_0666 -1.150598 113 7 143 32 4
07_0667 -0.647703 170 151 214 240 4
07_0668 -0.503825 161 149 218 240 4
07_0669 0.095569 160 144 211 240 4
07_0670 0.220517 165 143 212 235 4
07_0671 -0.003301 161 142 213 220 4
07_0672 0.108547 159 143 210 240 4
07_0673 0.102005 156 144 214 240 4
07_0674 0.263415 162 149 204 238 4
07_0675 -0.375938 151 144 222 240 4
07_0676 -0.076896 156 142 211 240 4
07_0677 0.206033 153 143 215 240 4
07_0678 0.483001 160 142 220 236 4
07_0679 0.240785 163 145 217 240 4
07_0680 0.201592 159 144 220 240 4
07_0681 0.037565 161 145 215 240 4
07_0682 -0.471023 168 144 220 240 4
07_0683 0.274069 164 142 220 240 4
07_0684 0.751864 161 135 221 238 4
07_0685 0.828481 168 135 223 227 4
07_0686 1.12871 172 134 226 232 4
07_0687 1.733956 163 132 221 232 4
07_0688 1.365841 169 128 224 231 4
07_0689 0.784367 172 136 219 236 4
07_0690 1.303072 168 130 225 233 4
07_0691 1.096501 172 130 222 231 4
07_0692 1.036517 169 127 223 237 4
07_0693 0.685409 163 129 219 240 4
07_0694 1.091444 172 137 216 228 4
07_0695 0.345301 173 130 224 240 4
07_0696 0.413722 175 136 227 240 4
07_0697 1.073451 178 141 232 232 4
07_0698 0.660213 176 136 236 235 4
07_0699 0.07105 178 139 246 233 4
07_0700 0.055446 188 145 232 233 4
07_0701 -0.460058 190 149 233 231 4
07_0702 -0.505873 185 146 234 240 4
07_0703 -0.545203 184 145 240 240 4
07_0704 -0.902857 183 146 234 240 4
07_0705 -0.408944 178 151 240 240 4
07_0706 -0.278899 169 153 231 240 4
07_0707 -0.443092 169 144 224 240 4
07_0708 0.29125 161 149 213 233 4
07_0709 -0.490468 149 150 207 240 4
07_0710 -0.823041 150 159 198 240 4
07_0711 -0.387706 137 153 197 240 4
07_0712 -0.648486 136 151 193 240 4
07_0713 -0.794475 125 149 192 240 4
07_0714 -0.485656 131 155 187 240 4
07_0715 -0.441421 128 151 184 240 4
07_0716 -0.56031 130 149 186 240 4
07_0717 -0.266003 131 151 187 240 4
07_0718 -0.658648 127 148 190 240 4
07_0719 -0.675844 129 149 184 240 4
07_0720 -0.67749 134 150 184 240 4
07_0721 -0.205239 136 148 184 234 4
07_0722 -0.318992 124 144 193 240 4
07_0723 -0.22833 132 141 194 240 4
07_0724 -0.056679 137 148 191 240 4
07_0725 -0.614719 143 139 198 240 4
07_0726 -0.25587 129 138 201 240 4
07_0727 0.2934 136 137 203 232 4
07_0728 -0.419671 133 137 202 240 4
07_0729 -0.093811 139 140 193 240 4
07_0730 -0.234643 138 138 204 240 4
07_0731 0.142134 135 141 194 240 4
07_0732 -0.014902 136 139 197 240 4
07_0733 -0.032001 139 145 193 240 4
07_0734 0.573308 143 146 197 236 4
07_0735 -0.483238 128 144 209 240 4
07_0736 -0.684187 144 148 198 240 4
07_0737 -0.86869 147 148 201 240 4
07_0738 -0.516093 133 145 209 240 4
07_0739 -0.296561 135 144 208 240 4
07_0740 -0.471544 130 128 211 240 4
07_0741 -0.035562 139 127 209 240 4
07_0742 0.057425 141 124 204 240 4
07_0743 1.344443 137 117 210 236 4
07_0744 0.961892 139 118 208 240 4
07_0745 1.162897 141 114 208 232 4
07_0746 0.967147 134 113 209 240 4
07_0747 1.188666 135 114 209 240 4
07_0748 0.889257 135 113 208 240 4
07_0749 1.45531 137 115 207 234 4
07_0750 0.949502 139 113 212 234 4
07_0751 0.7401 131 106 202 230 4
07_0752 0.470471 138 113 222 233 4
07_0753 0.365213 137 113 215 240 4
07_0754 0.63682 120 109 216 235 4
07_0755 0.27764 128 105 210 240 4
07_0756 0.25485 134 112 217 240 4
07_0757 0.487334 140 114 212 240 4
07_0758 0.870055 133 116 214 240 4
07_0759 0.267553 142 105 218 240 4
07_0760 0.2763 146 112 219 240 4
07_0761 0.005332 139 105 232 240 4
07_0762 0.488767 144 107 225 240 4
07_0763 0.721176 145 108 231 240 4
07_0764 0.551729 136 110 226 240 4
07_0765 0.218308 154 108 233 240 4
07_0766 0.577607 141 105 231 240 4
07_0767 0.756281 150 111 235 240 4
07_0768 0.295995 144 105 248 240 4
07_0769 0.232872 151 102 242 240 4
07_0770 -0.031489 145 113 243 240 4
07_0771 -0.597374 151 103 241 240 4
07_0772 -0.518481 145 120 241 240 4
07_0773 -0.992157 159 130 240 240 4
07_0774 -0.86021 158 139 239 240 4
07_0775 -1.102493 32 121 52 144 4
07_0776 -1.184168 222 25 242 44 4
07_0777 -1.154593 65 17 128 80 4
07_0778 -1.124323 45 128 74 173 4
07_0779 -1.149644 129 61 176 90 4
07_0780 -1.172764 58 17 80 45 4
07_0781 -1.151869 161 33 192 54 4
07_0782 -1.083879 143 137 232 240 4
07_0783 -0.940544 145 128 240 240 4
07_0784 -0.755308 153 120 241 225 4
07_0785 -0.238149 144 103 248 240 4
07_0786 0.21639 153 100 225 229 4
07_0787 0.208278 153 97 238 240 4
07_0788 0.338688 153 100 236 240 4
07_0789 0.159005 149 95 233 240 4
07_0790 0.601773 152 103 240 240 4
07_0791 0.564206 153 101 235 240 4
07_0792 0.161496 151 97 238 240 4
07_0793 0.272668 151 103 235 240 4
07_0794 0.089728 141 93 230 240 4
07_0795 0.290916 146 103 229 240 4
07_0796 -0.244782 150 108 234 240 4
07_0797 -0.250198 127 120 246 240 4
07_0798 -0.617091 144 118 235 240 4
07_0799 -1.008395 143 128 238 240 4
07_0800 -1.06177 143 147 233 240 4
07_0801 -1.102375 131 16 160 80 4
07_0802 -1.112434 146 9 202 64 4
07_0803 -1.115783 141 33 175 63 4
07_0804 -0.977684 144 129 217 203 2
07_0805 -1.145793 111 153 134 209 4
07_0806 -0.989749 109 17 186 152 4
07_0807 -1.125342 86 121 112 167 4
07_0808 -1.100187 40 86 73 105 4
07_0809 -1.133868 160 97 180 120 4
07_0810 -1.154033 92 129 120 179 4
07_0811 -1.094247 18 60 40 80 4
07_0812 -1.16422 167 71 203 98 4
07_0813 -1.125126 93 121 113 143 4
07_0814 -1.161331 97 65 144 112 4
07_0815 -1.11538 89 205 110 230 4
07_0816 -1.154473 71 95 113 150 4
07_0817 -1.148588 27 128 49 161 4
07_0818 -1.152861 81 208 106 232 4
07_0819 -1.099387 42 104 74 132 4
07_0820 -1.120629 73 174 92 197 4
07_0821 -1.162114 80 145 104 177 4
07_0822 -1.136449 21 109 48 128 4
07_0823 -1.176382 241 103 294 166 4
07_0824 -1.137802 250 74 272 96 4
07_0825 -1.091089 46 118 176 240 4
07_0826 -1.111649 44 136 160 240 4
07_0827 -1.095063 43 115 124 197 2
07_0828 -1.118258 285 33 307 57 4
07_0829 -1.114276 215 42 245 86 4
07_0830 -1.099015 221 41 248 83 4
07_0831 -1.102395 238 47 271 86 4
07_0832 -1.071138 22 107 132 193 2
07_0833 -1.06431 17 97 129 174 2
07_0834 -1.140057 33 97 172 236 4
07_0835 -1.082263 26 102 162 240 4
07_0836 -1.131817 225 64 251 90 4
07_0837 -1.202744 179 181 208 208 4
07_0838 -0.808535 23 90 165 240 4
07_0839 -0.782284 37 107 166 240 4
07_0840 -0.733244 31 85 177 240 4
07_0841 -0.64894 17 68 188 240 4
07_0842 -0.462269 25 66 193 240 4
07_0843 -0.455923 34 61 184 240 4
07_0844 -0.364445 33 50 181 240 4
07_0845 -0.313419 34 50 197 240 4
07_0846 -0.080502 32 47 200 240 4
07_0847 -0.262969 35 41 212 240 4
07_0848 -0.073503 43 22 225 240 4
07_0849 0.344552 49 16 232 240 4
07_0850 0.621098 48 17 239 240 4
07_0851 0.604049 48 14 235 240 4
07_0852 0.644078 61 11 241 240 4
07_0853 0.57932 65 10 245 240 4
07_0854 0.63818 49 1 248 240 4
07_0855 0.411119 58 1 256 240 4
07_0856 0.45777 62 1 260 240 4
07_0857 0.347748 64 1 273 240 4
07_0858 0.022588 73 1 296 240 4
07_0859 -0.248725 130 1 296 144 4
07_0860 -0.948371 128 1 320 240 4
07_0861 -1.018031 112 1 320 240 4
07_0862 -0.900944 26 1 157 122 4
07_0863 -1.082093 24 86 44 122 4
07_0864 -0.825787 117 1 320 113 4
07_0865 -0.30324 108 1 320 145 4
07_0866 -1.093475 16 85 51 120 4
07_0867 -1.092105 18 97 40 118 4
07_0868 -0.612324 112 1 316 143 4
07_0869 -0.668649 112 1 320 161 4
07_0870 -1.133125 95 67 117 112 4
07_0871 -1.125943 80 145 101 168 4
07_0872 -1.117088 59 122 82 146 4
07_0873 -1.111745 44 129 65 176 4
07_0874 -1.125816 71 12 100 152 4
07_0875 -1.167134 25 44 52 96 4
07_0876 -1.173752 128 80 290 240 1
07_0877 -1.263803 286 160 305 183 4
07_0878 -1.271065 94 23 241 240 1
07_0879 -1.269311 285 144 305 182 4
07_0880 -1.255919 97 128 289 240 1
07_0881 -1.237066 242 46 276 81 4
07_0882 -1.263739 253 49 279 87 4
07_0883 -1.403691 171 62 303 240 1
07_0884 -1.39795 225 81 276 240 1
07_0885 -1.411351 218 97 296 240 1
07_0886 -1.302822 178 33 278 240 1
07_0887 -1.410343 241 100 296 240 1
07_0888 -1.342509 215 1 264 73 2
07_0889 -1.220405 113 29 288 240 1
07_0890 -1.375471 273 1 299 31 4
07_0891 -1.451522 256 75 295 240 1
07_0892 -1.342772 241 47 288 240 1
07_0893 -1.382508 144 47 293 240 1
07_0894 -1.315129 227 34 275 95 1
07_0895 -1.292782 275 49 305 85 4
07_0896 -1.250348 258 14 289 64 4
07_0897 -1.266695 252 19 271 80 4
07_0898 -1.283801 289 34 312 122 4
07_0899 -1.275471 160 7 232 94 4
07_0900 -1.262098 177 5 225 94 4
07_0901 -1.250723 67 93 217 150 4
07_0902 -1.2738 42 29 126 128 4
07_0903 -1.215621 65 1 314 146 4
07_0904 -1.250358 286 39 305 113 4
07_0905 -1.253293 287 42 315 97 4
07_0906 -1.216378 289 37 314 94 4
07_0907 -1.078449 155 1 305 139 4
07_0908 -1.217735 29 1 275 185 4
07_0909 -1.131102 33 1 274 190 4
07_0910 -1.19652 26 11 111 117 4
07_0911 -1.206402 33 49 63 98 4
07_0912 -1.063891 32 33 106 128 4
07_0913 -1.061909 33 14 114 126 4
07_0914 -1.090452 47 55 107 133 4
07_0915 -1.145389 13 14 96 149 4
07_0916 -1.053864 193 1 282 160 4
07_0917 -1.01734 15 42 104 128 4
07_0918 -1.151615 269 60 304 96 4
07_0919 -1.13845 225 11 272 68 4
07_0920 -1.106919 258 8 299 27 4
07_0921 -1.210553 235 112 260 132 4
07_0922 -1.169262 39 88 128 112 4
07_0923 -1.108862 188 66 244 90 4
07_0924 -1.125811 287 49 307 107 4
07_0925 -1.103034 274 10 307 76 4
07_0926 -1.094394 266 25 291 67 4
07_0927 -1.111064 240 7 267 32 4
07_0928 -1.138635 119 82 186 109 4
07_0929 -1.139041 113 29 219 70 4
07_0930 -1.168907 208 33 240 69 4
07_0931 -1.154165 288 28 307 142 4
07_0932 -1.249988 256 14 306 59 4
07_0933 -1.216303 251 41 306 138 4
07_0934 -1.207263 287 29 306 65 4
07_0935 -1.25877 78 94 193 228 2
07_0936 -1.243197 108 110 194 145 1
07_0937 -1.167943 84 97 197 227 2
07_0938 -1.162777 279 75 303 109 4
07_0939 -1.130032 287 114 307 207 4
07_0940 -1.14656 272 57 302 80 4
07_0941 -1.147535 257 43 297 74 4
07_0942 -1.111666 48 38 192 224 2
07_0943 -1.128973 238 15 290 128 4
07_0944 -1.103753 44 80 207 227 2
07_0945 -1.149585 70 14 145 59 4
07_0946 -1.127156 81 108 192 160 1
07_0947 -1.131543 80 104 196 161 1
07_0948 -1.127495 249 65 278 192 4
07_0949 -1.085841 33 48 58 128 4
07_0950 -1.11751 18 34 69 107 4
07_0951 -1.106735 225 33 280 96 4
07_0952 -1.098733 276 17 296 48 4
07_0953 -1.102059 73 27 94 46 4
07_0954 -1.124722 96 73 144 104 4
07_0955 -1.102592 25 109 176 176 2
07_0956 -1.108758 28 112 177 168 2
07_0957 -1.099771 205 12 239 44 4
07_0958 -1.149303 201 31 241 71 4
07_0959 -1.187102 255 15 293 64 4
07_0960 -1.158458 65 51 96 70 4
07_0961 -1.154631 113 4 208 32 4
07_0962 -1.197208 95 75 163 133 1
07_0963 -1.122696 45 27 200 195 2
07_0964 -1.109164 48 165 74 200 4
07_0965 -1.112005 295 7 316 69 4
07_0966 -1.074636 57 7 95 60 4
07_0967 -1.10781 47 158 73 192 4
07_0968 -1.129088 64 177 88 202 4
07_0969 -1.13269 81 201 105 223 4
07_0970 -1.117615 56 25 90 122 4
07_0971 -1.085287 29 129 53 161 4
07_0972 -1.090129 12 108 31 151 4
07_0973 -1.063628 73 17 134 110 4
07_0974 -0.900312 30 32 220 200 2
07_0975 -1.098284 204 49 224 76 4
07_0976 -1.150318 102 161 145 191 4
07_0977 -1.154383 224 95 274 119 4
07_0978 -1.09711 143 127 194 164 4
07_0979 -1.12877 19 127 114 210 4
07_0980 -1.139234 61 177 103 208 4
07_0981 -1.151245 14 160 78 215 4
07_0982 -1.116575 16 160 79 210 4
07_0983 -1.164457 77 177 105 196 4
07_0984 -1.104 48 91 114 158 4
07_0985 -0.9286 64 116 208 148 4
07_0986 -1.038398 33 121 145 162 4
07_0987 -1.05368 57 99 171 139 4
07_0988 -1.016284 19 47 179 118 4
07_0989 -1.025967 17 46 181 103 4
07_0990 -1.069467 49 27 167 98 4
07_0991 -1.084927 41 47 168 106 4
07_0992 -1.128558 57 94 209 151 4
07_0993 -1.112544 41 52 208 105 4
07_0994 -1.152105 209 9 232 60 4
07_0995 -1.122132 42 17 143 94 4
07_0996 -1.093688 65 65 144 127 4
07_0997 -0.991377 41 107 143 145 4
07_0998 -1.061558 293 13 317 65 4
07_0999 -1.086389 48 43 176 95 4
07_1000 -1.082883 15 26 144 86 4
07_1001 -1.148078 62 51 109 71 4
07_1002 -1.226349 290 16 316 88 4
07_1003 -1.238721 281 8 303 47 4
07_1004 -1.255591 11 40 195 200 2
07_1005 -1.127675 4 17 184 199 2
07_1006 -1.349094 113 193 138 224 4
07_1007 -1.308072 186 16 241 200 4
07_1008 -1.271 288 1 315 80 4
07_1009 -1.179499 293 49 314 108 4
07_1010 -1.239543 201 137 224 180 4
07_1011 -1.193174 288 45 307 168 4
07_1012 -1.058357 69 1 145 64 1
07_1013 -1.196146 225 82 284 120 4
07_1014 -1.224813 94 137 170 193 4
07_1015 -1.144931 273 89 304 193 4
07_1016 -1.155635 286 19 306 184 4
07_1017 -1.14368 273 120 307 199 4
07_1018 -1.142076 253 95 292 144 4
07_1019 -1.123068 239 99 292 146 4
07_1020 -1.093469 211 63 245 177 4
07_1021 -1.087646 182 41 227 176 4
07_1022 -1.061377 289 8 310 40 4
07_1023 -1.114552 184 17 215 48 4
07_1024 -1.168625 253 36 306 74 4
07_1025 -1.120392 177 96 197 131 4
07_1026 -1.106652 208 20 263 81 4
07_1027 -1.106984 235 59 270 78 4
07_1028 -1.126345 249 97 272 139 4
07_1029 -1.150921 273 161 292 192 4
07_1030 -1.114747 296 1 315 64 4
07_1031 -1.117407 113 182 152 224 4
07_1032 -1.103431 112 181 132 224 4
07_1033 -1.114681 241 18 301 39 4
07_1034 -1.10769 171 11 192 34 4
07_1035 -1.118029 175 12 224 33 4
07_1036 -1.097008 256 16 285 37 4
07_1037 -1.13154 122 5 178 31 4
07_1038 -1.164796 187 33 257 53 4
07_1039 -1.11957 241 11 306 34 4
07_1040 -1.099262 146 15 176 38 4
07_1041 -1.114888 240 14 270 41 4
07_1042 -1.114125 181 33 202 55 4
07_1043 -1.083953 145 19 288 65 4
07_1044 -1.106571 281 41 304 60 4
07_1045 -1.093665 196 64 247 90 4
07_1046 -1.050391 195 70 240 111 4
07_1047 -1.095026 192 97 241 124 4
07_1048 -1.096985 209 98 254 128 4
07_1049 -1.016065 215 61 277 124 4
07_1050 -1.09247 218 120 247 143 4
07_1051 -1.087507 215 119 255 140 4
07_1052 -1.092878 223 114 251 151 4
07_1053 -1.123889 297 1 317 62 4
07_1054 -1.104029 283 54 310 95 4
07_1055 -1.112236 273 128 297 208 4
07_1056 -1.060669 49 32 143 100 1
07_1057 -1.045565 49 21 162 128 1
07_1058 -1.084476 50 33 179 151 1
07_1059 -1.104527 61 50 172 154 1
07_1060 -0.669493 49 57 162 155 1
07_1061 -0.499971 57 55 166 153 1
07_1062 -0.741702 48 66 161 162 1
07_1063 -0.678405 48 63 170 154 1
07_1064 -0.723173 47 55 176 158 1
07_1065 -0.704303 56 69 169 166 1
07_1066 -1.124675 273 81 304 100 4
07_1067 -0.694123 62 67 167 183 1
07_1068 -0.404093 49 57 164 161 1
07_1069 -0.949819 57 49 195 168 1
07_1070 -1.102229 290 11 310 42 4
07_1071 -0.310417 63 73 158 160 1
07_1072 -0.629488 41 61 181 152 1
07_1073 -0.328614 55 75 163 161 1
07_1074 -0.343375 51 60 171 161 1
07_1075 -0.028405 64 76 170 156 1
07_1076 -0.536082 41 72 164 163 1
07_1077 -0.343251 52 81 180 160 1
07_1078 -0.498587 63 78 154 160 1
07_1079 0.034434 63 78 170 152 1
07_1080 -0.159116 46 71 178 161 1
07_1081 -0.182189 58 72 170 164 1
07_1082 -0.928971 42 65 202 176 1
07_1083 -0.462027 54 61 197 161 1
07_1084 -0.157412 43 73 171 166 1
07_1085 -0.578205 57 57 191 160 1
07_1086 -0.242019 57 65 164 154 1
07_1087 -0.707559 47 55 193 168 1
07_1088 -0.74771 49 36 207 152 1
07_1089 -0.370924 33 66 167 168 1
07_1090 -0.582988 49 59 192 161 1
07_1091 -0.15422 33 65 178 163 1
07_1092 -0.184062 40 67 166 157 1
07_1093 -0.518826 36 66 186 176 1
07_1094 -0.832035 41 66 202 176 1
07_1095 0.034822 46 62 176 162 1
07_1096 -0.466045 29 40 192 177 1
07_1097 -0.512984 31 59 155 171 1
07_1098 -0.670014 27 40 181 195 1
07_1099 -0.640433 65 56 165 145 1
07_1100 -0.656065 33 39 215 163 1
07_1101 -0.710092 23 54 155 180 1
07_1102 -0.721311 25 51 180 193 1
07_1103 0.082929 33 48 174 156 1
07_1104 -0.466599 17 8 192 152 1
07_1105 -0.314905 17 1 184 145 1
07_1106 -0.49746 28 1 207 136 1
07_1107 -0.454294 26 1 192 145 1
07_1108 0.198451 48 41 171 139 1
07_1109 0.159169 66 39 178 127 1
07_1110 0.331828 74 9 184 97 1
07_1111 -0.332851 64 1 176 100 1
07_1112 -1.169996 272 146 305 193 4
07_1113 -0.457555 77 1 182 99 1
07_1114 -1.159402 224 161 243 180 4
07_1115 -0.777755 80 1 198 112 1
07_1116 -0.755252 65 1 194 114 1
07_1117 -1.097488 73 1 214 139 1
07_1118 -0.226054 65 31 181 120 1
07_1119 -0.16004 60 39 192 145 1
07_1120 -0.220416 61 49 197 149 1
07_1121 -0.150662 80 54 200 157 1
07_1122 -0.251009 91 81 198 167 1
07_1123 -0.074285 92 88 195 167 1
07_1124 -1.070475 42 55 96 81 4
07_1125 -0.134195 97 97 178 168 1
07_1126 -0.805929 71 86 189 160 1
07_1127 -0.158885 97 97 182 160 1
07_1128 -0.441044 85 92 181 160 1
07_1129 -0.468355 97 97 175 166 1
07_1130 -1.101497 94 85 182 161 1
07_1131 -1.034469 76 108 176 179 1
07_1132 -1.054316 71 113 179 174 1
07_1133 -0.897328 94 77 214 176 1
07_1134 -0.869679 100 115 183 177 1
07_1135 -1.039638 104 87 220 201 1
07_1136 -1.160551 171 56 237 81 4
07_1137 -1.145704 254 32 273 70 4
07_1138 -1.088885 97 109 198 181 1
07_1139 -1.139988 32 33 257 193 2
07_1140 -1.12409 151 24 186 48 4
07_1141 -1.116165 49 43 69 65 4
07_1142 -1.113857 48 52 234 192 2
07_1143 -1.129227 49 61 233 208 2
07_1144 -1.11815 48 47 254 192 2
07_1145 -1.050853 55 57 225 196 2
07_1146 -1.055259 48 49 232 154 2
07_1147 -1.106903 8 145 36 207 4
07_1148 -1.133342 18 141 39 185 4
07_1149 -1.129323 29 129 53 176 4
07_1150 -1.08786 8 27 41 143 4
07_1151 -1.109892 23 98 50 160 4
07_1152 -1.115524 41 47 63 160 4
07_1153 -1.063112 101 76 122 105 4
07_1154 -1.080107 59 16 86 147 4
07_1155 -1.072317 74 13 113 110 4
07_1156 -1.119286 121 119 240 176 1
07_1157 -1.128792 18 9 65 29 4
07_1158 -1.070143 97 35 145 113 4
07_1159 -1.101087 33 20 62 48 4
07_1160 -1.125716 123 49 160 73 4
07_1161 -1.065925 126 139 225 200 1
07_1162 -1.117971 34 43 67 79 4
07_1163 -1.099478 54 9 130 105 4
07_1164 -1.105026 110 80 151 134 4
07_1165 -1.094156 297 35 316 120 4
07_1166 -1.114929 32 39 81 64 4
07_1167 -1.107584 291 129 314 209 4
07_1168 -1.12911 224 11 255 33 4
07_1169 -1.109327 83 11 112 31 4
07_1170 -1.124732 32 33 73 66 4
07_1171 -0.968402 126 151 216 214 1
07_1172 -1.10487 290 124 316 206 4
07_1173 -1.103066 9 132 34 223 4
07_1174 -1.094575 22 101 58 207 4
07_1175 -1.109434 17 131 44 200 4
07_1176 -1.122536 12 104 31 130 4
07_1177 -1.121767 17 49 45 79 4
07_1178 -1.126379 17 51 41 143 4
07_1179 -1.1022 41 33 80 176 4
07_1180 -1.112493 13 110 32 161 4
07_1181 -1.147057 278 1 297 167 4
07_1182 -1.146463 161 18 191 39 4
07_1183 -1.254995 119 49 160 84 4
07_1184 -1.207637 88 81 112 192 4
07_1185 -1.188408 136 1 224 54 4
07_1186 -1.199471 267 19 291 47 4
07_1187 -1.196189 290 17 315 48 4
07_1188 -1.145602 286 23 307 44 4
07_1189 -1.129254 281 24 309 44 4
07_1190 -1.129265 238 13 271 58 4
07_1191 -1.111711 18 17 67 47 4
07_1192 -0.4854 80 1 240 225 4
07_1193 -0.183761 94 1 218 198 4
07_1194 0.668794 97 1 222 180 4
07_1195 0.587462 103 1 211 173 4
07_1196 0.766764 112 1 217 171 4
07_1197 -0.23242 147 1 231 151 4
07_1198 -0.057217 144 1 233 144 4
07_1199 -0.442819 138 1 234 146 4
07_1200 -0.971161 136 1 223 131 4
07_1201 -0.967153 146 1 239 140 4
07_1202 -1.062131 165 1 233 117 4
07_1203 -1.092872 97 131 136 151 4
07_1204 -1.134245 65 18 112 76 4
07_1205 -1.085886 32 35 163 112 4
07_1206 -1.094839 185 59 224 103 4
07_1207 -1.113194 10 158 45 180 4
07_1208 -1.11721 120 89 161 117 4
07_1209 -1.122747 176 90 239 117 4
07_1210 -1.075767 122 88 160 136 4
07_1211 -1.134962 138 105 176 130 4
07_1212 -1.122265 106 107 139 129 4
07_1213 -1.101121 121 108 146 130 4
07_1214 -1.170182 116 144 150 166 4
07_1215 -1.109259 105 116 132 137 4
07_1216 -1.170155 185 137 275 160 4
07_1217 -1.169473 105 174 144 198 4
07_1218 -1.166491 114 216 139 237 4
07_1219 -1.152164 105 192 152 212 4
07_1220 -1.125102 121 194 144 216 4
07_1221 -1.132559 17 177 54 199 4
07_1222 -1.121896 160 209 207 230 4
07_1223 -1.135452 175 200 200 225 4
07_1224 -1.15384 81 149 257 186 4
07_1225 -1.09267 186 209 222 235 4
07_1226 -1.108022 164 131 224 168 4
07_1227 -1.115896 111 137 144 161 4
07_1228 -1.101692 90 151 128 174 4
07_1229 -1.111526 99 173 128 192 4
07_1230 -1.169625 201 203 261 234 4
07_1231 -1.125727 129 179 157 207 4
07_1232 -1.16909 177 207 210 226 4
07_1233 -1.222208 225 161 277 208 4
07_1234 -1.227763 241 160 272 211 4
07_1235 -1.216111 208 171 251 232 4
07_1236 -1.149764 82 183 146 208 4
07_1237 -1.62601 1 71 151 136 2
07_1238 -1.211063 65 167 112 187 4
07_1239 -1.65962 1 101 192 149 2
07_1240 -1.241209 64 169 122 190 4
07_1241 -1.229832 56 173 114 197 4
07_1242 -1.630769 1 65 208 168 2
07_1243 -1.546751 33 1 257 116 1
07_1244 -1.322562 55 153 100 192 4
07_1245 -1.475033 49 1 208 123 1
07_1246 -1.271089 47 161 128 212 4
07_1247 -1.258954 57 171 120 195 4
07_1248 -1.234058 32 173 92 194 4
07_1249 -1.166428 49 185 80 208 4
07_1250 -1.231683 65 177 115 200 4
07_1251 -1.218359 64 170 117 199 4
07_1252 -1.252959 48 160 144 193 4
07_1253 -1.187198 49 185 160 225 4
07_1254 -1.196292 33 173 145 212 4
07_1255 -1.387165 49 1 275 84 1
07_1256 -1.27749 191 174 216 193 4
07_1257 -1.306692 268 174 289 196 2
07_1258 -1.122239 130 203 158 224 4
07_1259 -1.209717 241 162 298 223 4
07_1260 -1.166698 80 191 116 217 4
07_1261 -1.101927 33 177 61 196 4
07_1262 -1.124219 27 176 101 197 4
07_1263 -1.097354 33 173 53 196 4
07_1264 -1.149401 21 166 150 209 4
07_1265 -1.162766 292 112 314 196 4
07_1266 -1.11956 177 189 208 212 4
07_1267 -1.173508 18 180 117 201 4
07_1268 -1.138071 120 133 145 163 4
07_1269 -1.12594 48 189 129 210 4
07_1270 -1.104735 97 188 145 214 4
07_1271 -1.116604 128 196 177 224 4
07_1272 -1.102706 33 194 102 215 4
07_1273 -1.087499 49 191 128 216 4
07_1274 -1.082799 97 191 152 225 4
07_1275 -1.106116 124 199 161 224 4
07_1276 -1.103213 72 180 122 201 4
07_1277 -1.0654 53 158 73 180 4
07_1278 -1.073026 129 180 161 202 4
07_1279 -1.080218 98 177 146 207 4
07_1280 -1.053305 55 155 104 182 4
07_1281 -1.082478 33 144 80 181 4
07_1282 -1.07764 45 155 97 189 4
07_1283 -1.06183 29 21 70 62 4
07_1284 -1.073958 112 195 163 226 4
07_1285 -1.083773 106 198 142 228 4
07_1286 -1.056297 37 40 74 80 4
07_1287 -1.077588 73 64 145 166 4
07_1288 -1.07912 67 65 192 182 4
07_1289 -1.038413 75 69 152 172 4
07_1290 -1.216651 65 157 96 177 4
07_1291 -1.160725 50 129 76 168 4
07_1292 -1.22223 65 65 88 96 4
07_1293 -1.224796 49 72 200 179 4
07_1294 -1.217259 57 113 144 176 4
07_1295 -1.229343 89 171 152 192 4
07_1296 -1.222851 73 166 97 186 4
07_1297 -1.143432 33 129 147 208 4
07_1298 -1.208583 288 114 315 193 4
07_1299 -1.111746 32 98 144 165 4
07_1300 -1.140304 118 1 156 52 4
07_1301 -1.194477 290 49 313 191 4
07_1302 -1.048118 41 9 273 148 4
07_1303 -0.970143 25 10 280 176 4
07_1304 -0.930966 53 1 189 55 2
07_1305 -1.098914 51 13 272 140 4
07_1306 -0.851791 49 1 193 57 2
07_1307 -0.936237 57 1 186 56 2
07_1308 -1.120373 298 1 317 75 4
07_1309 -0.843281 51 1 184 58 2
07_1310 -0.897443 78 17 133 64 1
07_1311 -0.846681 56 1 184 57 2
07_1312 -0.595807 52 1 188 62 2
07_1313 -0.700251 48 1 189 66 2
07_1314 -0.591558 56 1 186 59 2
07_1315 -0.223033 62 1 186 43 2
07_1316 -0.165649 61 1 188 38 2
07_1317 -0.014256 69 1 180 53 2
07_1318 -0.127361 36 1 167 56 2
07_1319 -0.188737 49 1 152 49 2
07_1320 -1.04666 71 1 160 53 2
07_1321 -0.712124 66 1 162 40 2
07_1322 -0.918644 55 1 150 43 2
07_1323 -0.676716 47 1 152 40 2
07_1324 -0.598647 56 1 149 36 2
07_1325 -1.205774 259 79 297 128 2
07_1326 -1.204456 190 1 320 240 1
07_1327 -1.010901 242 71 276 99 4
07_1328 -1.225219 190 62 278 131 4
07_1329 -1.017353 185 117 261 208 4
07_1330 -1.128577 174 129 257 217 4
07_1331 -1.15811 19 30 106 118 4
07_1332 -1.186547 209 43 240 65 4
07_1333 -1.055015 42 86 126 140 4
07_1334 -1.136037 205 184 224 208 4
07_1335 -1.263101 177 33 256 80 4
07_1336 -1.131296 68 7 175 35 4
07_1337 -1.087671 65 33 113 77 4
07_1338 -1.091703 49 53 80 75 4
07_1339 -1.095968 32 50 104 72 4
07_1340 -1.114969 224 20 269 43 4
07_1341 -1.088853 11 61 51 81 4
07_1342 -1.083174 51 69 86 89 4
07_1343 -1.119889 120 80 152 100 4
07_1344 -1.091968 33 66 63 88 4
07_1345 -1.090522 187 57 216 80 4
07_1346 -1.095996 34 73 56 93 4
07_1347 -1.146292 83 124 119 154 4
07_1348 -1.075104 163 75 305 176 4
07_1349 -1.148078 95 81 139 117 4
07_1350 -1.149076 70 140 96 168 4
07_1351 -0.931716 208 188 246 216 4
07_1352 -1.428291 1 108 136 240 1
07_1353 -1.278898 25 51 62 110 4
07_1354 -1.235491 34 45 158 142 4
07_1355 -1.27854 30 79 50 104 4
07_1356 -1.439627 1 1 161 118 1
07_1357 -1.554614 143 173 271 240 1
07_1358 -1.498918 91 96 207 181 1
07_1359 -1.492305 65 168 250 240 1
07_1360 -1.519572 140 176 251 240 1
07_1361 -1.448862 1 28 320 240 1
07_1362 -1.42727 1 1 287 240 1
07_1363 -1.3417 194 48 225 68 4
07_1364 -1.26764 34 51 66 87 4
07_1365 -1.247073 182 49 255 98 4
07_1366 -1.230978 207 112 228 144 4
07_1367 -1.26224 43 35 265 206 4
