07_0001 0 0 0 0 0 
07_0002 0 0 0 0 0 
07_0003 0 0 0 0 0 
07_0004 0 0 0 0 0 
07_0005 0 0 0 0 0 
07_0006 0 0 0 0 0 
07_0007 0 0 0 0 0 
07_0008 0 0 0 0 0 
07_0009 0 0 0 0 0 
07_0010 0 0 0 0 0 
07_0011 0 0 0 0 0 
07_0012 0 0 0 0 0 
07_0013 0 0 0 0 0 
07_0014 0 0 0 0 0 
07_0015 0 0 0 0 0 
07_0016 0 0 0 0 0 
07_0017 0 0 0 0 0 
07_0018 0 0 0 0 0 
07_0019 0 0 0 0 0 
07_0020 0 0 0 0 0 
07_0021 0 0 0 0 0 
07_0022 0 0 0 0 0 
07_0023 0 0 0 0 0 
07_0024 0 0 0 0 0 
07_0025 0 0 0 0 0 
07_0026 0 0 0 0 0 
07_0027 0 0 0 0 0 
07_0028 0 0 0 0 0 
07_0029 0 0 0 0 0 
07_0030 0 0 0 0 0 
07_0031 0 0 0 0 0 
07_0032 0 0 0 0 0 
07_0033 0 0 0 0 0 
07_0034 0 0 0 0 0 
07_0035 0 0 0 0 0 
07_0036 0 0 0 0 0 
07_0037 0 0 0 0 0 
07_0038 0 0 0 0 0 
07_0039 0 0 0 0 0 
07_0040 0 0 0 0 0 
07_0041 0 0 0 0 0 
07_0042 0 0 0 0 0 
07_0043 0 0 0 0 0 
07_0044 0 0 0 0 0 
07_0045 0 0 0 0 0 
07_0046 0 0 0 0 0 
07_0047 0 0 0 0 0 
07_0048 0 0 0 0 0 
07_0049 0 0 0 0 0 
07_0050 0 0 0 0 0 
07_0051 0 0 0 0 0 
07_0052 0 0 0 0 0 
07_0053 0 0 0 0 0 
07_0054 0 0 0 0 0 
07_0055 0 0 0 0 0 
07_0056 0 0 0 0 0 
07_0057 0 0 0 0 0 
07_0058 0 0 0 0 0 
07_0059 0 0 0 0 0 
07_0060 0 0 0 0 0 
07_0061 0 0 0 0 0 
07_0062 0 0 0 0 0 
07_0063 0 0 0 0 0 
07_0064 0 0 0 0 0 
07_0065 0 0 0 0 0 
07_0066 0 0 0 0 0 
07_0067 0 0 0 0 0 
07_0068 0 0 0 0 0 
07_0069 0 0 0 0 0 
07_0070 0 0 0 0 0 
07_0071 215 134 292 240 2 
07_0072 223 135 320 240 2 
07_0073 0 0 0 0 0 
07_0074 0 0 0 0 0 
07_0075 0 0 0 0 0 
07_0076 0 0 0 0 0 
07_0077 0 0 0 0 0 
07_0078 0 0 0 0 0 
07_0079 0 0 0 0 0 
07_0080 0 0 0 0 0 
07_0081 0 0 0 0 0 
07_0082 0 0 0 0 0 
07_0083 0 0 0 0 0 
07_0084 0 0 0 0 0 
07_0085 0 0 0 0 0 
07_0086 0 0 0 0 0 
07_0087 0 0 0 0 0 
07_0088 0 0 0 0 0 
07_0089 0 0 0 0 0 
07_0090 0 0 0 0 0 
07_0091 0 0 0 0 0 
07_0092 0 0 0 0 0 
07_0093 0 0 0 0 0 
07_0094 0 0 0 0 0 
07_0095 0 0 0 0 0 
07_0096 0 0 0 0 0 
07_0097 0 0 0 0 0 
07_0098 0 0 0 0 0 
07_0099 0 0 0 0 0 
07_0100 0 0 0 0 0 
07_0101 0 0 0 0 0 
07_0102 0 0 0 0 0 
07_0103 0 0 0 0 0 
07_0104 0 0 0 0 0 
07_0105 0 0 0 0 0 
07_0106 0 0 0 0 0 
07_0107 0 0 0 0 0 
07_0108 0 0 0 0 0 
07_0109 0 0 0 0 0 
07_0110 0 0 0 0 0 
07_0111 0 0 0 0 0 
07_0112 0 0 0 0 0 
07_0113 0 0 0 0 0 
07_0114 0 0 0 0 0 
07_0115 0 0 0 0 0 
07_0116 0 0 0 0 0 
07_0117 0 0 0 0 0 
07_0118 0 0 0 0 0 
07_0119 0 0 0 0 0 
07_0120 0 0 0 0 0 
07_0121 0 0 0 0 0 
07_0122 0 0 0 0 0 
07_0123 0 0 0 0 0 
07_0124 0 0 0 0 0 
07_0125 0 0 0 0 0 
07_0126 0 0 0 0 0 
07_0127 0 0 0 0 0 
07_0128 0 0 0 0 0 
07_0129 0 0 0 0 0 
07_0130 0 0 0 0 0 
07_0131 98 56 179 127 4 
07_0132 0 0 0 0 0 
07_0133 0 0 0 0 0 
07_0134 0 0 0 0 0 
07_0135 0 0 0 0 0 
07_0136 0 0 0 0 0 
07_0137 0 0 0 0 0 
07_0138 0 0 0 0 0 
07_0139 0 0 0 0 0 
07_0140 0 0 0 0 0 
07_0141 0 0 0 0 0 
07_0142 0 0 0 0 0 
07_0143 0 0 0 0 0 
07_0144 0 0 0 0 0 
07_0145 0 0 0 0 0 
07_0146 0 0 0 0 0 
07_0147 0 0 0 0 0 
07_0148 0 0 0 0 0 
07_0149 0 0 0 0 0 
07_0150 0 0 0 0 0 
07_0151 0 0 0 0 0 
07_0152 0 0 0 0 0 
07_0153 0 0 0 0 0 
07_0154 0 0 0 0 0 
07_0155 0 0 0 0 0 
07_0156 0 0 0 0 0 
07_0157 0 0 0 0 0 
07_0158 0 0 0 0 0 
07_0159 0 0 0 0 0 
07_0160 0 0 0 0 0 
07_0161 0 0 0 0 0 
07_0162 0 0 0 0 0 
07_0163 0 0 0 0 0 
07_0164 0 0 0 0 0 
07_0165 0 0 0 0 0 
07_0166 0 0 0 0 0 
07_0167 0 0 0 0 0 
07_0168 0 0 0 0 0 
07_0169 0 0 0 0 0 
07_0170 0 0 0 0 0 
07_0171 0 0 0 0 0 
07_0172 0 0 0 0 0 
07_0173 0 0 0 0 0 
07_0174 0 0 0 0 0 
07_0175 0 0 0 0 0 
07_0176 0 0 0 0 0 
07_0177 0 0 0 0 0 
07_0178 0 0 0 0 0 
07_0179 0 0 0 0 0 
07_0180 0 0 0 0 0 
07_0181 0 0 0 0 0 
07_0182 0 0 0 0 0 
07_0183 0 0 0 0 0 
07_0184 0 0 0 0 0 
07_0185 0 0 0 0 0 
07_0186 0 0 0 0 0 
07_0187 0 0 0 0 0 
07_0188 0 0 0 0 0 
07_0189 0 0 0 0 0 
07_0190 0 0 0 0 0 
07_0191 0 0 0 0 0 
07_0192 0 0 0 0 0 
07_0193 0 0 0 0 0 
07_0194 0 0 0 0 0 
07_0195 0 0 0 0 0 
07_0196 0 0 0 0 0 
07_0197 0 0 0 0 0 
07_0198 0 0 0 0 0 
07_0199 0 0 0 0 0 
07_0200 0 0 0 0 0 
07_0201 0 0 0 0 0 
07_0202 0 0 0 0 0 
07_0203 0 0 0 0 0 
07_0204 0 0 0 0 0 
07_0205 0 0 0 0 0 
07_0206 0 0 0 0 0 
07_0207 0 0 0 0 0 
07_0208 0 0 0 0 0 
07_0209 0 0 0 0 0 
07_0210 0 0 0 0 0 
07_0211 0 0 0 0 0 
07_0212 0 0 0 0 0 
07_0213 0 0 0 0 0 
07_0214 0 0 0 0 0 
07_0215 0 0 0 0 0 
07_0216 0 0 0 0 0 
07_0217 0 0 0 0 0 
07_0218 0 0 0 0 0 
07_0219 0 0 0 0 0 
07_0220 0 0 0 0 0 
07_0221 0 0 0 0 0 
07_0222 0 0 0 0 0 
07_0223 0 0 0 0 0 
07_0224 0 0 0 0 0 
07_0225 0 0 0 0 0 
07_0226 0 0 0 0 0 
07_0227 0 0 0 0 0 
07_0228 0 0 0 0 0 
07_0229 0 0 0 0 0 
07_0230 0 0 0 0 0 
07_0231 0 0 0 0 0 
07_0232 0 0 0 0 0 
07_0233 0 0 0 0 0 
07_0234 0 0 0 0 0 
07_0235 0 0 0 0 0 
07_0236 0 0 0 0 0 
07_0237 0 0 0 0 0 
07_0238 0 0 0 0 0 
07_0239 0 0 0 0 0 
07_0240 0 0 0 0 0 
07_0241 0 0 0 0 0 
07_0242 0 0 0 0 0 
07_0243 0 0 0 0 0 
07_0244 0 0 0 0 0 
07_0245 0 0 0 0 0 
07_0246 0 0 0 0 0 
07_0247 0 0 0 0 0 
07_0248 0 0 0 0 0 
07_0249 0 0 0 0 0 
07_0250 0 0 0 0 0 
07_0251 0 0 0 0 0 
07_0252 0 0 0 0 0 
07_0253 0 0 0 0 0 
07_0254 0 0 0 0 0 
07_0255 0 0 0 0 0 
07_0256 0 0 0 0 0 
07_0257 0 0 0 0 0 
07_0258 0 0 0 0 0 
07_0259 0 0 0 0 0 
07_0260 0 0 0 0 0 
07_0261 0 0 0 0 0 
07_0262 0 0 0 0 0 
07_0263 0 0 0 0 0 
07_0264 0 0 0 0 0 
07_0265 0 0 0 0 0 
07_0266 0 0 0 0 0 
07_0267 0 0 0 0 0 
07_0268 0 0 0 0 0 
07_0269 0 0 0 0 0 
07_0270 0 0 0 0 0 
07_0271 0 0 0 0 0 
07_0272 0 0 0 0 0 
07_0273 0 0 0 0 0 
07_0274 0 0 0 0 0 
07_0275 0 0 0 0 0 
07_0276 0 0 0 0 0 
07_0277 0 0 0 0 0 
07_0278 0 0 0 0 0 
07_0279 0 0 0 0 0 
07_0280 0 0 0 0 0 
07_0281 0 0 0 0 0 
07_0282 0 0 0 0 0 
07_0283 0 0 0 0 0 
07_0284 0 0 0 0 0 
07_0285 0 0 0 0 0 
07_0286 0 0 0 0 0 
07_0287 0 0 0 0 0 
07_0288 0 0 0 0 0 
07_0289 0 0 0 0 0 
07_0290 0 0 0 0 0 
07_0291 0 0 0 0 0 
07_0292 0 0 0 0 0 
07_0293 0 0 0 0 0 
07_0294 0 0 0 0 0 
07_0295 0 0 0 0 0 
07_0296 0 0 0 0 0 
07_0297 0 0 0 0 0 
07_0298 0 0 0 0 0 
07_0299 0 0 0 0 0 
07_0300 0 0 0 0 0 
07_0301 0 0 0 0 0 
07_0302 0 0 0 0 0 
07_0303 0 0 0 0 0 
07_0304 0 0 0 0 0 
07_0305 0 0 0 0 0 
07_0306 0 0 0 0 0 
07_0307 0 0 0 0 0 
07_0308 0 0 0 0 0 
07_0309 0 0 0 0 0 
07_0310 0 0 0 0 0 
07_0311 0 0 0 0 0 
07_0312 0 0 0 0 0 
07_0313 0 0 0 0 0 
07_0314 0 0 0 0 0 
07_0315 0 0 0 0 0 
07_0316 0 0 0 0 0 
07_0317 0 0 0 0 0 
07_0318 0 0 0 0 0 
07_0319 0 0 0 0 0 
07_0320 0 0 0 0 0 
07_0321 0 0 0 0 0 
07_0322 0 0 0 0 0 
07_0323 0 0 0 0 0 
07_0324 0 0 0 0 0 
07_0325 0 0 0 0 0 
07_0326 0 0 0 0 0 
07_0327 0 0 0 0 0 
07_0328 0 0 0 0 0 
07_0329 0 0 0 0 0 
07_0330 0 0 0 0 0 
07_0331 0 0 0 0 0 
07_0332 0 0 0 0 0 
07_0333 0 0 0 0 0 
07_0334 0 0 0 0 0 
07_0335 0 0 0 0 0 
07_0336 0 0 0 0 0 
07_0337 0 0 0 0 0 
07_0338 0 0 0 0 0 
07_0339 0 0 0 0 0 
07_0340 0 0 0 0 0 
07_0341 0 0 0 0 0 
07_0342 0 0 0 0 0 
07_0343 0 0 0 0 0 
07_0344 0 0 0 0 0 
07_0345 0 0 0 0 0 
07_0346 0 0 0 0 0 
07_0347 0 0 0 0 0 
07_0348 0 0 0 0 0 
07_0349 0 0 0 0 0 
07_0350 0 0 0 0 0 
07_0351 0 0 0 0 0 
07_0352 0 0 0 0 0 
07_0353 0 0 0 0 0 
07_0354 240 175 283 205 4 
07_0355 0 0 0 0 0 
07_0356 0 0 0 0 0 
07_0357 0 0 0 0 0 
07_0358 25 6 114 69 2 
07_0359 23 9 111 70 2 
07_0360 19 9 118 72 2 
07_0361 20 13 111 80 2 
07_0362 15 1 113 83 2 
07_0363 12 17 110 87 2 
07_0364 13 16 104 94 2 
07_0365 14 24 110 88 2 
07_0366 13 26 106 80 2 
07_0367 11 12 102 101 2 
07_0368 5 30 106 103 2 
07_0369 10 17 103 104 2 
07_0370 9 33 114 102 2 
07_0371 15 34 105 83 2 
07_0372 8 13 99 99 2 
07_0373 1 17 104 110 2 
07_0374 1 25 97 96 2 
07_0375 1 8 97 109 2 
07_0376 3 41 100 114 2 
07_0377 3 41 104 92 2 
07_0378 1 44 99 115 2 
07_0379 20 46 100 98 2 
07_0380 15 46 99 96 2 
07_0381 1 39 101 91 2 
07_0382 1 48 106 112 2 
07_0383 1 48 108 127 2 
07_0384 1 28 120 134 2 
07_0385 19 53 116 108 2 
07_0386 1 31 119 134 2 
07_0387 1 31 123 138 2 
07_0388 1 31 160 140 2 
07_0389 1 58 121 141 2 
07_0390 1 33 130 146 2 
07_0391 1 67 150 129 2 
07_0392 1 75 114 156 2 
07_0393 1 79 112 139 2 
07_0394 1 87 104 144 2 
07_0395 1 87 104 143 2 
07_0396 1 89 95 142 2 
07_0397 1 91 92 140 2 
07_0398 1 97 98 151 2 
07_0399 1 81 98 151 2 
07_0400 1 101 95 161 2 
07_0401 1 98 104 157 2 
07_0402 1 105 109 168 2 
07_0403 1 102 111 169 2 
07_0404 1 100 115 174 2 
07_0405 1 102 113 169 2 
07_0406 1 103 116 178 2 
07_0407 1 97 120 171 2 
07_0408 1 97 127 166 2 
07_0409 1 87 120 170 2 
07_0410 0 0 0 0 0 
07_0411 0 0 0 0 0 
07_0412 0 0 0 0 0 
07_0413 0 0 0 0 0 
07_0414 0 0 0 0 0 
07_0415 0 0 0 0 0 
07_0416 0 0 0 0 0 
07_0417 0 0 0 0 0 
07_0418 0 0 0 0 0 
07_0419 0 0 0 0 0 
07_0420 0 0 0 0 0 
07_0421 0 0 0 0 0 
07_0422 0 0 0 0 0 
07_0423 0 0 0 0 0 
07_0424 0 0 0 0 0 
07_0425 0 0 0 0 0 
07_0426 0 0 0 0 0 
07_0427 0 0 0 0 0 
07_0428 0 0 0 0 0 
07_0429 0 0 0 0 0 
07_0430 0 0 0 0 0 
07_0431 0 0 0 0 0 
07_0432 0 0 0 0 0 
07_0433 0 0 0 0 0 
07_0434 0 0 0 0 0 
07_0435 0 0 0 0 0 
07_0436 0 0 0 0 0 
07_0437 0 0 0 0 0 
07_0438 0 0 0 0 0 
07_0439 0 0 0 0 0 
07_0440 0 0 0 0 0 
07_0441 0 0 0 0 0 
07_0442 0 0 0 0 0 
07_0443 0 0 0 0 0 
07_0444 0 0 0 0 0 
07_0445 0 0 0 0 0 
07_0446 0 0 0 0 0 
07_0447 0 0 0 0 0 
07_0448 1 89 125 177 2 
07_0449 1 97 127 164 2 
07_0450 1 92 122 157 2 
07_0451 1 86 135 177 2 
07_0452 1 87 155 193 2 
07_0453 1 80 147 176 2 
07_0454 1 75 152 175 2 
07_0455 1 71 154 180 2 
07_0456 1 64 163 158 2 
07_0457 1 65 171 178 2 
07_0458 1 60 177 166 2 
07_0459 1 56 177 171 2 
07_0460 1 55 170 142 2 
07_0461 1 52 170 137 2 
07_0462 1 47 168 166 2 
07_0463 1 41 172 127 2 
07_0464 1 19 180 163 2 
07_0465 1 16 178 164 2 
07_0466 1 16 179 160 2 
07_0467 1 13 177 164 2 
07_0468 1 30 158 115 2 
07_0469 1 30 177 147 2 
07_0470 1 38 162 163 2 
07_0471 1 39 161 165 2 
07_0472 1 18 176 162 2 
07_0473 1 48 172 142 2 
07_0474 1 49 193 139 2 
07_0475 1 17 225 185 2 
07_0476 1 56 182 167 2 
07_0477 1 23 184 176 2 
07_0478 1 24 194 172 2 
07_0479 1 24 194 166 2 
07_0480 1 16 225 165 2 
07_0481 1 37 234 146 2 
07_0482 13 31 239 139 2 
07_0483 24 35 251 161 2 
07_0484 1 20 253 122 2 
07_0485 13 19 257 117 2 
07_0486 1 14 255 120 2 
07_0487 1 1 251 113 2 
07_0488 1 1 252 109 2 
07_0489 152 78 191 157 4 
07_0490 156 76 187 149 4 
07_0491 149 69 184 151 4 
07_0492 149 71 185 152 4 
07_0493 146 68 184 153 4 
07_0494 144 63 179 153 4 
07_0495 140 75 177 152 4 
07_0496 136 58 166 154 4 
07_0497 139 75 172 152 4 
07_0498 138 71 169 143 4 
07_0499 141 68 173 151 4 
07_0500 142 63 176 139 4 
07_0501 144 62 177 136 4 
07_0502 140 56 181 147 4 
07_0503 146 59 181 135 4 
07_0504 148 59 185 141 4 
07_0505 150 59 183 129 4 
07_0506 151 61 185 143 4 
07_0507 145 57 187 143 4 
07_0508 143 59 182 144 4 
07_0509 128 58 176 140 4 
07_0510 129 57 174 147 4 
07_0511 129 55 175 149 4 
07_0512 128 55 170 148 4 
07_0513 133 57 172 145 4 
07_0514 136 59 173 138 4 
07_0515 125 59 182 145 4 
07_0516 129 54 172 132 4 
07_0517 133 58 176 141 4 
07_0518 122 58 181 145 4 
07_0519 128 55 172 144 4 
07_0520 128 60 176 148 4 
07_0521 129 60 169 144 4 
07_0522 128 59 170 150 4 
07_0523 126 55 169 145 4 
07_0524 128 56 165 142 4 
07_0525 127 60 173 146 4 
07_0526 124 57 174 146 4 
07_0527 128 57 168 147 4 
07_0528 132 65 168 145 4 
07_0529 132 65 171 148 4 
07_0530 134 75 168 155 4 
07_0531 133 79 172 165 4 
07_0532 122 80 169 173 4 
07_0533 125 79 166 164 4 
07_0534 130 85 163 166 4 
07_0535 128 85 173 175 4 
07_0536 131 89 179 172 4 
07_0537 137 97 171 178 4 
07_0538 0 0 0 0 0 
07_0539 0 0 0 0 0 
07_0540 0 0 0 0 0 
07_0541 0 0 0 0 0 
07_0542 0 0 0 0 0 
07_0543 0 0 0 0 0 
07_0544 0 0 0 0 0 
07_0545 0 0 0 0 0 
07_0546 0 0 0 0 0 
07_0547 0 0 0 0 0 
07_0548 0 0 0 0 0 
07_0549 0 0 0 0 0 
07_0550 0 0 0 0 0 
07_0551 0 0 0 0 0 
07_0552 0 0 0 0 0 
07_0553 0 0 0 0 0 
07_0554 0 0 0 0 0 
07_0555 0 0 0 0 0 
07_0556 0 0 0 0 0 
07_0557 0 0 0 0 0 
07_0558 0 0 0 0 0 
07_0559 0 0 0 0 0 
07_0560 0 0 0 0 0 
07_0561 0 0 0 0 0 
07_0562 0 0 0 0 0 
07_0563 0 0 0 0 0 
07_0564 0 0 0 0 0 
07_0565 0 0 0 0 0 
07_0566 0 0 0 0 0 
07_0567 0 0 0 0 0 
07_0568 0 0 0 0 0 
07_0569 0 0 0 0 0 
07_0570 0 0 0 0 0 
07_0571 0 0 0 0 0 
07_0572 0 0 0 0 0 
07_0573 0 0 0 0 0 
07_0574 0 0 0 0 0 
07_0575 0 0 0 0 0 
07_0576 0 0 0 0 0 
07_0577 0 0 0 0 0 
07_0578 0 0 0 0 0 
07_0579 152 93 212 193 1 
07_0580 150 101 197 197 4 
07_0581 160 97 200 177 4 
07_0582 162 96 204 185 4 
07_0583 163 92 208 177 4 
07_0584 168 92 209 185 4 
07_0585 169 89 211 179 4 
07_0586 172 89 208 176 4 
07_0587 173 88 214 179 4 
07_0588 169 87 219 188 4 
07_0589 176 87 216 183 4 
07_0590 182 93 214 177 4 
07_0591 188 93 217 178 4 
07_0592 183 88 221 181 4 
07_0593 183 97 225 184 4 
07_0594 185 84 227 176 4 
07_0595 184 87 225 187 4 
07_0596 187 85 237 179 4 
07_0597 185 87 231 179 4 
07_0598 185 91 241 183 4 
07_0599 185 81 230 176 4 
07_0600 190 85 230 179 4 
07_0601 189 80 230 175 4 
07_0602 182 84 233 177 4 
07_0603 185 73 228 181 4 
07_0604 180 81 230 176 4 
07_0605 192 82 225 175 4 
07_0606 186 80 231 176 4 
07_0607 189 80 229 171 4 
07_0608 186 80 228 179 4 
07_0609 192 81 230 181 4 
07_0610 182 81 230 179 4 
07_0611 187 86 229 182 4 
07_0612 185 93 228 193 4 
07_0613 183 97 225 203 4 
07_0614 178 107 222 204 4 
07_0615 183 113 224 207 4 
07_0616 178 117 225 214 4 
07_0617 179 120 224 208 4 
07_0618 182 124 223 218 4 
07_0619 181 129 220 225 4 
07_0620 177 140 219 225 4 
07_0621 184 149 221 232 4 
07_0622 180 150 222 240 4 
07_0623 181 143 226 228 4 
07_0624 180 144 220 224 4 
07_0625 185 150 229 240 4 
07_0626 183 145 224 230 4 
07_0627 185 144 225 234 4 
07_0628 183 145 240 233 4 
07_0629 185 144 225 208 4 
07_0630 192 144 223 223 4 
07_0631 187 147 222 209 4 
07_0632 186 157 228 240 4 
07_0633 177 162 230 240 4 
07_0634 188 153 225 240 4 
07_0635 185 145 225 200 4 
07_0636 185 163 229 240 4 
07_0637 0 0 0 0 0 
07_0638 198 164 227 225 4 
07_0639 0 0 0 0 0 
07_0640 0 0 0 0 0 
07_0641 0 0 0 0 0 
07_0642 0 0 0 0 0 
07_0643 0 0 0 0 0 
07_0644 0 0 0 0 0 
07_0645 0 0 0 0 0 
07_0646 0 0 0 0 0 
07_0647 0 0 0 0 0 
07_0648 0 0 0 0 0 
07_0649 0 0 0 0 0 
07_0650 0 0 0 0 0 
07_0651 0 0 0 0 0 
07_0652 0 0 0 0 0 
07_0653 0 0 0 0 0 
07_0654 0 0 0 0 0 
07_0655 0 0 0 0 0 
07_0656 0 0 0 0 0 
07_0657 0 0 0 0 0 
07_0658 0 0 0 0 0 
07_0659 0 0 0 0 0 
07_0660 0 0 0 0 0 
07_0661 0 0 0 0 0 
07_0662 0 0 0 0 0 
07_0663 0 0 0 0 0 
07_0664 171 158 214 225 4 
07_0665 171 160 213 240 4 
07_0666 0 0 0 0 0 
07_0667 170 151 214 240 4 
07_0668 161 149 218 240 4 
07_0669 160 144 211 240 4 
07_0670 165 143 212 235 4 
07_0671 161 142 213 220 4 
07_0672 159 143 210 240 4 
07_0673 156 144 214 240 4 
07_0674 162 149 204 238 4 
07_0675 151 144 222 240 4 
07_0676 156 142 211 240 4 
07_0677 153 143 215 240 4 
07_0678 160 142 220 236 4 
07_0679 163 145 217 240 4 
07_0680 159 144 220 240 4 
07_0681 161 145 215 240 4 
07_0682 168 144 220 240 4 
07_0683 164 142 220 240 4 
07_0684 161 135 221 238 4 
07_0685 168 135 223 227 4 
07_0686 172 134 226 232 4 
07_0687 163 132 221 232 4 
07_0688 169 128 224 231 4 
07_0689 172 136 219 236 4 
07_0690 168 130 225 233 4 
07_0691 172 130 222 231 4 
07_0692 169 127 223 237 4 
07_0693 163 129 219 240 4 
07_0694 172 137 216 228 4 
07_0695 173 130 224 240 4 
07_0696 175 136 227 240 4 
07_0697 178 141 232 232 4 
07_0698 176 136 236 235 4 
07_0699 178 139 246 233 4 
07_0700 188 145 232 233 4 
07_0701 190 149 233 231 4 
07_0702 185 146 234 240 4 
07_0703 184 145 240 240 4 
07_0704 183 146 234 240 4 
07_0705 178 151 240 240 4 
07_0706 169 153 231 240 4 
07_0707 169 144 224 240 4 
07_0708 161 149 213 233 4 
07_0709 149 150 207 240 4 
07_0710 150 159 198 240 4 
07_0711 137 153 197 240 4 
07_0712 136 151 193 240 4 
07_0713 125 149 192 240 4 
07_0714 131 155 187 240 4 
07_0715 128 151 184 240 4 
07_0716 130 149 186 240 4 
07_0717 131 151 187 240 4 
07_0718 127 148 190 240 4 
07_0719 129 149 184 240 4 
07_0720 134 150 184 240 4 
07_0721 136 148 184 234 4 
07_0722 124 144 193 240 4 
07_0723 132 141 194 240 4 
07_0724 137 148 191 240 4 
07_0725 143 139 198 240 4 
07_0726 129 138 201 240 4 
07_0727 136 137 203 232 4 
07_0728 133 137 202 240 4 
07_0729 139 140 193 240 4 
07_0730 138 138 204 240 4 
07_0731 135 141 194 240 4 
07_0732 136 139 197 240 4 
07_0733 139 145 193 240 4 
07_0734 143 146 197 236 4 
07_0735 128 144 209 240 4 
07_0736 144 148 198 240 4 
07_0737 147 148 201 240 4 
07_0738 133 145 209 240 4 
07_0739 135 144 208 240 4 
07_0740 130 128 211 240 4 
07_0741 139 127 209 240 4 
07_0742 141 124 204 240 4 
07_0743 137 117 210 236 4 
07_0744 139 118 208 240 4 
07_0745 141 114 208 232 4 
07_0746 134 113 209 240 4 
07_0747 135 114 209 240 4 
07_0748 135 113 208 240 4 
07_0749 137 115 207 234 4 
07_0750 139 113 212 234 4 
07_0751 131 106 202 230 4 
07_0752 138 113 222 233 4 
07_0753 137 113 215 240 4 
07_0754 120 109 216 235 4 
07_0755 128 105 210 240 4 
07_0756 134 112 217 240 4 
07_0757 140 114 212 240 4 
07_0758 133 116 214 240 4 
07_0759 142 105 218 240 4 
07_0760 146 112 219 240 4 
07_0761 139 105 232 240 4 
07_0762 144 107 225 240 4 
07_0763 145 108 231 240 4 
07_0764 136 110 226 240 4 
07_0765 154 108 233 240 4 
07_0766 141 105 231 240 4 
07_0767 150 111 235 240 4 
07_0768 144 105 248 240 4 
07_0769 151 102 242 240 4 
07_0770 145 113 243 240 4 
07_0771 151 103 241 240 4 
07_0772 145 120 241 240 4 
07_0773 159 130 240 240 4 
07_0774 158 139 239 240 4 
07_0775 0 0 0 0 0 
07_0776 0 0 0 0 0 
07_0777 0 0 0 0 0 
07_0778 0 0 0 0 0 
07_0779 0 0 0 0 0 
07_0780 0 0 0 0 0 
07_0781 0 0 0 0 0 
07_0782 0 0 0 0 0 
07_0783 145 128 240 240 4 
07_0784 153 120 241 225 4 
07_0785 144 103 248 240 4 
07_0786 153 100 225 229 4 
07_0787 153 97 238 240 4 
07_0788 153 100 236 240 4 
07_0789 149 95 233 240 4 
07_0790 152 103 240 240 4 
07_0791 153 101 235 240 4 
07_0792 151 97 238 240 4 
07_0793 151 103 235 240 4 
07_0794 141 93 230 240 4 
07_0795 146 103 229 240 4 
07_0796 150 108 234 240 4 
07_0797 127 120 246 240 4 
07_0798 144 118 235 240 4 
07_0799 0 0 0 0 0 
07_0800 0 0 0 0 0 
07_0801 0 0 0 0 0 
07_0802 0 0 0 0 0 
07_0803 0 0 0 0 0 
07_0804 144 129 217 203 2 
07_0805 0 0 0 0 0 
07_0806 109 17 186 152 4 
07_0807 0 0 0 0 0 
07_0808 0 0 0 0 0 
07_0809 0 0 0 0 0 
07_0810 0 0 0 0 0 
07_0811 0 0 0 0 0 
07_0812 0 0 0 0 0 
07_0813 0 0 0 0 0 
07_0814 0 0 0 0 0 
07_0815 0 0 0 0 0 
07_0816 0 0 0 0 0 
07_0817 0 0 0 0 0 
07_0818 0 0 0 0 0 
07_0819 0 0 0 0 0 
07_0820 0 0 0 0 0 
07_0821 0 0 0 0 0 
07_0822 0 0 0 0 0 
07_0823 0 0 0 0 0 
07_0824 0 0 0 0 0 
07_0825 0 0 0 0 0 
07_0826 0 0 0 0 0 
07_0827 0 0 0 0 0 
07_0828 0 0 0 0 0 
07_0829 0 0 0 0 0 
07_0830 0 0 0 0 0 
07_0831 0 0 0 0 0 
07_0832 0 0 0 0 0 
07_0833 0 0 0 0 0 
07_0834 0 0 0 0 0 
07_0835 0 0 0 0 0 
07_0836 0 0 0 0 0 
07_0837 0 0 0 0 0 
07_0838 23 90 165 240 4 
07_0839 37 107 166 240 4 
07_0840 31 85 177 240 4 
07_0841 17 68 188 240 4 
07_0842 25 66 193 240 4 
07_0843 34 61 184 240 4 
07_0844 33 50 181 240 4 
07_0845 34 50 197 240 4 
07_0846 32 47 200 240 4 
07_0847 35 41 212 240 4 
07_0848 43 22 225 240 4 
07_0849 49 16 232 240 4 
07_0850 48 17 239 240 4 
07_0851 48 14 235 240 4 
07_0852 61 11 241 240 4 
07_0853 65 10 245 240 4 
07_0854 49 1 248 240 4 
07_0855 58 1 256 240 4 
07_0856 62 1 260 240 4 
07_0857 64 1 273 240 4 
07_0858 73 1 296 240 4 
07_0859 130 1 296 144 4 
07_0860 128 1 320 240 4 
07_0861 0 0 0 0 0 
07_0862 26 1 157 122 4 
07_0863 0 0 0 0 0 
07_0864 117 1 320 113 4 
07_0865 108 1 320 145 4 
07_0866 0 0 0 0 0 
07_0867 0 0 0 0 0 
07_0868 112 1 316 143 4 
07_0869 112 1 320 161 4 
07_0870 0 0 0 0 0 
07_0871 0 0 0 0 0 
07_0872 0 0 0 0 0 
07_0873 0 0 0 0 0 
07_0874 0 0 0 0 0 
07_0875 0 0 0 0 0 
07_0876 0 0 0 0 0 
07_0877 0 0 0 0 0 
07_0878 0 0 0 0 0 
07_0879 0 0 0 0 0 
07_0880 0 0 0 0 0 
07_0881 0 0 0 0 0 
07_0882 0 0 0 0 0 
07_0883 0 0 0 0 0 
07_0884 0 0 0 0 0 
07_0885 0 0 0 0 0 
07_0886 0 0 0 0 0 
07_0887 0 0 0 0 0 
07_0888 0 0 0 0 0 
07_0889 0 0 0 0 0 
07_0890 0 0 0 0 0 
07_0891 0 0 0 0 0 
07_0892 0 0 0 0 0 
07_0893 0 0 0 0 0 
07_0894 0 0 0 0 0 
07_0895 0 0 0 0 0 
07_0896 0 0 0 0 0 
07_0897 0 0 0 0 0 
07_0898 0 0 0 0 0 
07_0899 0 0 0 0 0 
07_0900 0 0 0 0 0 
07_0901 0 0 0 0 0 
07_0902 0 0 0 0 0 
07_0903 0 0 0 0 0 
07_0904 0 0 0 0 0 
07_0905 0 0 0 0 0 
07_0906 0 0 0 0 0 
07_0907 0 0 0 0 0 
07_0908 0 0 0 0 0 
07_0909 0 0 0 0 0 
07_0910 0 0 0 0 0 
07_0911 0 0 0 0 0 
07_0912 0 0 0 0 0 
07_0913 0 0 0 0 0 
07_0914 0 0 0 0 0 
07_0915 0 0 0 0 0 
07_0916 0 0 0 0 0 
07_0917 0 0 0 0 0 
07_0918 0 0 0 0 0 
07_0919 0 0 0 0 0 
07_0920 0 0 0 0 0 
07_0921 0 0 0 0 0 
07_0922 0 0 0 0 0 
07_0923 0 0 0 0 0 
07_0924 0 0 0 0 0 
07_0925 0 0 0 0 0 
07_0926 0 0 0 0 0 
07_0927 0 0 0 0 0 
07_0928 0 0 0 0 0 
07_0929 0 0 0 0 0 
07_0930 0 0 0 0 0 
07_0931 0 0 0 0 0 
07_0932 0 0 0 0 0 
07_0933 0 0 0 0 0 
07_0934 0 0 0 0 0 
07_0935 0 0 0 0 0 
07_0936 0 0 0 0 0 
07_0937 0 0 0 0 0 
07_0938 0 0 0 0 0 
07_0939 0 0 0 0 0 
07_0940 0 0 0 0 0 
07_0941 0 0 0 0 0 
07_0942 0 0 0 0 0 
07_0943 0 0 0 0 0 
07_0944 0 0 0 0 0 
07_0945 0 0 0 0 0 
07_0946 0 0 0 0 0 
07_0947 0 0 0 0 0 
07_0948 0 0 0 0 0 
07_0949 0 0 0 0 0 
07_0950 0 0 0 0 0 
07_0951 0 0 0 0 0 
07_0952 0 0 0 0 0 
07_0953 0 0 0 0 0 
07_0954 0 0 0 0 0 
07_0955 0 0 0 0 0 
07_0956 0 0 0 0 0 
07_0957 0 0 0 0 0 
07_0958 0 0 0 0 0 
07_0959 0 0 0 0 0 
07_0960 0 0 0 0 0 
07_0961 0 0 0 0 0 
07_0962 0 0 0 0 0 
07_0963 0 0 0 0 0 
07_0964 0 0 0 0 0 
07_0965 0 0 0 0 0 
07_0966 0 0 0 0 0 
07_0967 0 0 0 0 0 
07_0968 0 0 0 0 0 
07_0969 0 0 0 0 0 
07_0970 0 0 0 0 0 
07_0971 0 0 0 0 0 
07_0972 0 0 0 0 0 
07_0973 0 0 0 0 0 
07_0974 30 32 220 200 2 
07_0975 0 0 0 0 0 
07_0976 0 0 0 0 0 
07_0977 0 0 0 0 0 
07_0978 0 0 0 0 0 
07_0979 0 0 0 0 0 
07_0980 0 0 0 0 0 
07_0981 0 0 0 0 0 
07_0982 0 0 0 0 0 
07_0983 0 0 0 0 0 
07_0984 0 0 0 0 0 
07_0985 64 116 208 148 4 
07_0986 0 0 0 0 0 
07_0987 0 0 0 0 0 
07_0988 0 0 0 0 0 
07_0989 0 0 0 0 0 
07_0990 0 0 0 0 0 
07_0991 0 0 0 0 0 
07_0992 0 0 0 0 0 
07_0993 0 0 0 0 0 
07_0994 0 0 0 0 0 
07_0995 0 0 0 0 0 
07_0996 0 0 0 0 0 
07_0997 41 107 143 145 4 
07_0998 0 0 0 0 0 
07_0999 0 0 0 0 0 
07_1000 0 0 0 0 0 
07_1001 0 0 0 0 0 
07_1002 0 0 0 0 0 
07_1003 0 0 0 0 0 
07_1004 0 0 0 0 0 
07_1005 0 0 0 0 0 
07_1006 0 0 0 0 0 
07_1007 0 0 0 0 0 
07_1008 0 0 0 0 0 
07_1009 0 0 0 0 0 
07_1010 0 0 0 0 0 
07_1011 0 0 0 0 0 
07_1012 0 0 0 0 0 
07_1013 0 0 0 0 0 
07_1014 0 0 0 0 0 
07_1015 0 0 0 0 0 
07_1016 0 0 0 0 0 
07_1017 0 0 0 0 0 
07_1018 0 0 0 0 0 
07_1019 0 0 0 0 0 
07_1020 0 0 0 0 0 
07_1021 0 0 0 0 0 
07_1022 0 0 0 0 0 
07_1023 0 0 0 0 0 
07_1024 0 0 0 0 0 
07_1025 0 0 0 0 0 
07_1026 0 0 0 0 0 
07_1027 0 0 0 0 0 
07_1028 0 0 0 0 0 
07_1029 0 0 0 0 0 
07_1030 0 0 0 0 0 
07_1031 0 0 0 0 0 
07_1032 0 0 0 0 0 
07_1033 0 0 0 0 0 
07_1034 0 0 0 0 0 
07_1035 0 0 0 0 0 
07_1036 0 0 0 0 0 
07_1037 0 0 0 0 0 
07_1038 0 0 0 0 0 
07_1039 0 0 0 0 0 
07_1040 0 0 0 0 0 
07_1041 0 0 0 0 0 
07_1042 0 0 0 0 0 
07_1043 0 0 0 0 0 
07_1044 0 0 0 0 0 
07_1045 0 0 0 0 0 
07_1046 0 0 0 0 0 
07_1047 0 0 0 0 0 
07_1048 0 0 0 0 0 
07_1049 0 0 0 0 0 
07_1050 0 0 0 0 0 
07_1051 0 0 0 0 0 
07_1052 0 0 0 0 0 
07_1053 0 0 0 0 0 
07_1054 0 0 0 0 0 
07_1055 0 0 0 0 0 
07_1056 0 0 0 0 0 
07_1057 0 0 0 0 0 
07_1058 0 0 0 0 0 
07_1059 0 0 0 0 0 
07_1060 49 57 162 155 1 
07_1061 57 55 166 153 1 
07_1062 48 66 161 162 1 
07_1063 48 63 170 154 1 
07_1064 47 55 176 158 1 
07_1065 56 69 169 166 1 
07_1066 0 0 0 0 0 
07_1067 62 67 167 183 1 
07_1068 49 57 164 161 1 
07_1069 57 49 195 168 1 
07_1070 0 0 0 0 0 
07_1071 63 73 158 160 1 
07_1072 41 61 181 152 1 
07_1073 55 75 163 161 1 
07_1074 51 60 171 161 1 
07_1075 64 76 170 156 1 
07_1076 41 72 164 163 1 
07_1077 52 81 180 160 1 
07_1078 63 78 154 160 1 
07_1079 63 78 170 152 1 
07_1080 46 71 178 161 1 
07_1081 58 72 170 164 1 
07_1082 42 65 202 176 1 
07_1083 54 61 197 161 1 
07_1084 43 73 171 166 1 
07_1085 57 57 191 160 1 
07_1086 57 65 164 154 1 
07_1087 47 55 193 168 1 
07_1088 49 36 207 152 1 
07_1089 33 66 167 168 1 
07_1090 49 59 192 161 1 
07_1091 33 65 178 163 1 
07_1092 40 67 166 157 1 
07_1093 36 66 186 176 1 
07_1094 41 66 202 176 1 
07_1095 46 62 176 162 1 
07_1096 29 40 192 177 1 
07_1097 31 59 155 171 1 
07_1098 27 40 181 195 1 
07_1099 65 56 165 145 1 
07_1100 33 39 215 163 1 
07_1101 23 54 155 180 1 
07_1102 25 51 180 193 1 
07_1103 33 48 174 156 1 
07_1104 17 8 192 152 1 
07_1105 17 1 184 145 1 
07_1106 28 1 207 136 1 
07_1107 26 1 192 145 1 
07_1108 48 41 171 139 1 
07_1109 66 39 178 127 1 
07_1110 74 9 184 97 1 
07_1111 64 1 176 100 1 
07_1112 0 0 0 0 0 
07_1113 77 1 182 99 1 
07_1114 0 0 0 0 0 
07_1115 80 1 198 112 1 
07_1116 65 1 194 114 1 
07_1117 0 0 0 0 0 
07_1118 65 31 181 120 1 
07_1119 60 39 192 145 1 
07_1120 61 49 197 149 1 
07_1121 80 54 200 157 1 
07_1122 91 81 198 167 1 
07_1123 92 88 195 167 1 
07_1124 0 0 0 0 0 
07_1125 97 97 178 168 1 
07_1126 71 86 189 160 1 
07_1127 97 97 182 160 1 
07_1128 85 92 181 160 1 
07_1129 97 97 175 166 1 
07_1130 0 0 0 0 0 
07_1131 0 0 0 0 0 
07_1132 0 0 0 0 0 
07_1133 94 77 214 176 1 
07_1134 100 115 183 177 1 
07_1135 0 0 0 0 0 
07_1136 0 0 0 0 0 
07_1137 0 0 0 0 0 
07_1138 0 0 0 0 0 
07_1139 0 0 0 0 0 
07_1140 0 0 0 0 0 
07_1141 0 0 0 0 0 
07_1142 0 0 0 0 0 
07_1143 0 0 0 0 0 
07_1144 0 0 0 0 0 
07_1145 0 0 0 0 0 
07_1146 0 0 0 0 0 
07_1147 0 0 0 0 0 
07_1148 0 0 0 0 0 
07_1149 0 0 0 0 0 
07_1150 0 0 0 0 0 
07_1151 0 0 0 0 0 
07_1152 0 0 0 0 0 
07_1153 0 0 0 0 0 
07_1154 0 0 0 0 0 
07_1155 0 0 0 0 0 
07_1156 0 0 0 0 0 
07_1157 0 0 0 0 0 
07_1158 0 0 0 0 0 
07_1159 0 0 0 0 0 
07_1160 0 0 0 0 0 
07_1161 0 0 0 0 0 
07_1162 0 0 0 0 0 
07_1163 0 0 0 0 0 
07_1164 0 0 0 0 0 
07_1165 0 0 0 0 0 
07_1166 0 0 0 0 0 
07_1167 0 0 0 0 0 
07_1168 0 0 0 0 0 
07_1169 0 0 0 0 0 
07_1170 0 0 0 0 0 
07_1171 126 151 216 214 1 
07_1172 0 0 0 0 0 
07_1173 0 0 0 0 0 
07_1174 0 0 0 0 0 
07_1175 0 0 0 0 0 
07_1176 0 0 0 0 0 
07_1177 0 0 0 0 0 
07_1178 0 0 0 0 0 
07_1179 0 0 0 0 0 
07_1180 0 0 0 0 0 
07_1181 0 0 0 0 0 
07_1182 0 0 0 0 0 
07_1183 0 0 0 0 0 
07_1184 0 0 0 0 0 
07_1185 0 0 0 0 0 
07_1186 0 0 0 0 0 
07_1187 0 0 0 0 0 
07_1188 0 0 0 0 0 
07_1189 0 0 0 0 0 
07_1190 0 0 0 0 0 
07_1191 0 0 0 0 0 
07_1192 80 1 240 225 4 
07_1193 94 1 218 198 4 
07_1194 97 1 222 180 4 
07_1195 103 1 211 173 4 
07_1196 112 1 217 171 4 
07_1197 147 1 231 151 4 
07_1198 144 1 233 144 4 
07_1199 138 1 234 146 4 
07_1200 136 1 223 131 4 
07_1201 146 1 239 140 4 
07_1202 0 0 0 0 0 
07_1203 0 0 0 0 0 
07_1204 0 0 0 0 0 
07_1205 0 0 0 0 0 
07_1206 0 0 0 0 0 
07_1207 0 0 0 0 0 
07_1208 0 0 0 0 0 
07_1209 0 0 0 0 0 
07_1210 0 0 0 0 0 
07_1211 0 0 0 0 0 
07_1212 0 0 0 0 0 
07_1213 0 0 0 0 0 
07_1214 0 0 0 0 0 
07_1215 0 0 0 0 0 
07_1216 0 0 0 0 0 
07_1217 0 0 0 0 0 
07_1218 0 0 0 0 0 
07_1219 0 0 0 0 0 
07_1220 0 0 0 0 0 
07_1221 0 0 0 0 0 
07_1222 0 0 0 0 0 
07_1223 0 0 0 0 0 
07_1224 0 0 0 0 0 
07_1225 0 0 0 0 0 
07_1226 0 0 0 0 0 
07_1227 0 0 0 0 0 
07_1228 0 0 0 0 0 
07_1229 0 0 0 0 0 
07_1230 0 0 0 0 0 
07_1231 0 0 0 0 0 
07_1232 0 0 0 0 0 
07_1233 0 0 0 0 0 
07_1234 0 0 0 0 0 
07_1235 0 0 0 0 0 
07_1236 0 0 0 0 0 
07_1237 0 0 0 0 0 
07_1238 0 0 0 0 0 
07_1239 0 0 0 0 0 
07_1240 0 0 0 0 0 
07_1241 0 0 0 0 0 
07_1242 0 0 0 0 0 
07_1243 0 0 0 0 0 
07_1244 0 0 0 0 0 
07_1245 0 0 0 0 0 
07_1246 0 0 0 0 0 
07_1247 0 0 0 0 0 
07_1248 0 0 0 0 0 
07_1249 0 0 0 0 0 
07_1250 0 0 0 0 0 
07_1251 0 0 0 0 0 
07_1252 0 0 0 0 0 
07_1253 0 0 0 0 0 
07_1254 0 0 0 0 0 
07_1255 0 0 0 0 0 
07_1256 0 0 0 0 0 
07_1257 0 0 0 0 0 
07_1258 0 0 0 0 0 
07_1259 0 0 0 0 0 
07_1260 0 0 0 0 0 
07_1261 0 0 0 0 0 
07_1262 0 0 0 0 0 
07_1263 0 0 0 0 0 
07_1264 0 0 0 0 0 
07_1265 0 0 0 0 0 
07_1266 0 0 0 0 0 
07_1267 0 0 0 0 0 
07_1268 0 0 0 0 0 
07_1269 0 0 0 0 0 
07_1270 0 0 0 0 0 
07_1271 0 0 0 0 0 
07_1272 0 0 0 0 0 
07_1273 0 0 0 0 0 
07_1274 0 0 0 0 0 
07_1275 0 0 0 0 0 
07_1276 0 0 0 0 0 
07_1277 0 0 0 0 0 
07_1278 0 0 0 0 0 
07_1279 0 0 0 0 0 
07_1280 0 0 0 0 0 
07_1281 0 0 0 0 0 
07_1282 0 0 0 0 0 
07_1283 0 0 0 0 0 
07_1284 0 0 0 0 0 
07_1285 0 0 0 0 0 
07_1286 0 0 0 0 0 
07_1287 0 0 0 0 0 
07_1288 0 0 0 0 0 
07_1289 0 0 0 0 0 
07_1290 0 0 0 0 0 
07_1291 0 0 0 0 0 
07_1292 0 0 0 0 0 
07_1293 0 0 0 0 0 
07_1294 0 0 0 0 0 
07_1295 0 0 0 0 0 
07_1296 0 0 0 0 0 
07_1297 0 0 0 0 0 
07_1298 0 0 0 0 0 
07_1299 0 0 0 0 0 
07_1300 0 0 0 0 0 
07_1301 0 0 0 0 0 
07_1302 0 0 0 0 0 
07_1303 25 10 280 176 4 
07_1304 53 1 189 55 2 
07_1305 0 0 0 0 0 
07_1306 49 1 193 57 2 
07_1307 57 1 186 56 2 
07_1308 0 0 0 0 0 
07_1309 51 1 184 58 2 
07_1310 78 17 133 64 1 
07_1311 56 1 184 57 2 
07_1312 52 1 188 62 2 
07_1313 48 1 189 66 2 
07_1314 56 1 186 59 2 
07_1315 62 1 186 43 2 
07_1316 61 1 188 38 2 
07_1317 69 1 180 53 2 
07_1318 36 1 167 56 2 
07_1319 49 1 152 49 2 
07_1320 0 0 0 0 0 
07_1321 66 1 162 40 2 
07_1322 55 1 150 43 2 
07_1323 47 1 152 40 2 
07_1324 56 1 149 36 2 
07_1325 0 0 0 0 0 
07_1326 0 0 0 0 0 
07_1327 0 0 0 0 0 
07_1328 0 0 0 0 0 
07_1329 0 0 0 0 0 
07_1330 0 0 0 0 0 
07_1331 0 0 0 0 0 
07_1332 0 0 0 0 0 
07_1333 0 0 0 0 0 
07_1334 0 0 0 0 0 
07_1335 0 0 0 0 0 
07_1336 0 0 0 0 0 
07_1337 0 0 0 0 0 
07_1338 0 0 0 0 0 
07_1339 0 0 0 0 0 
07_1340 0 0 0 0 0 
07_1341 0 0 0 0 0 
07_1342 0 0 0 0 0 
07_1343 0 0 0 0 0 
07_1344 0 0 0 0 0 
07_1345 0 0 0 0 0 
07_1346 0 0 0 0 0 
07_1347 0 0 0 0 0 
07_1348 0 0 0 0 0 
07_1349 0 0 0 0 0 
07_1350 0 0 0 0 0 
07_1351 208 188 246 216 4 
07_1352 0 0 0 0 0 
07_1353 0 0 0 0 0 
07_1354 0 0 0 0 0 
07_1355 0 0 0 0 0 
07_1356 0 0 0 0 0 
07_1357 0 0 0 0 0 
07_1358 0 0 0 0 0 
07_1359 0 0 0 0 0 
07_1360 0 0 0 0 0 
07_1361 0 0 0 0 0 
07_1362 0 0 0 0 0 
07_1363 0 0 0 0 0 
07_1364 0 0 0 0 0 
07_1365 0 0 0 0 0 
07_1366 0 0 0 0 0 
07_1367 0 0 0 0 0 
