07_0001 0 0 0 0 0 
07_0002 0 0 0 0 0 
07_0003 0 0 0 0 0 
07_0004 0 0 0 0 0 
07_0005 0 0 0 0 0 
07_0006 0 0 0 0 0 
07_0007 0 0 0 0 0 
07_0008 0 0 0 0 0 
07_0009 0 0 0 0 0 
07_0010 0 0 0 0 0 
07_0011 0 0 0 0 0 
07_0012 0 0 0 0 0 
07_0013 0 0 0 0 0 
07_0014 0 0 0 0 0 
07_0015 0 0 0 0 0 
07_0016 0 0 0 0 0 
07_0017 0 0 0 0 0 
07_0018 0 0 0 0 0 
07_0019 0 0 0 0 0 
07_0020 0 0 0 0 0 
07_0021 0 0 0 0 0 
07_0022 0 0 0 0 0 
07_0023 0 0 0 0 0 
07_0024 0 0 0 0 0 
07_0025 0 0 0 0 0 
07_0026 0 0 0 0 0 
07_0027 0 0 0 0 0 
07_0028 0 0 0 0 0 
07_0029 0 0 0 0 0 
07_0030 0 0 0 0 0 
07_0031 0 0 0 0 0 
07_0032 0 0 0 0 0 
07_0033 0 0 0 0 0 
07_0034 0 0 0 0 0 
07_0035 0 0 0 0 0 
07_0036 0 0 0 0 0 
07_0037 0 0 0 0 0 
07_0038 0 0 0 0 0 
07_0039 0 0 0 0 0 
07_0040 0 0 0 0 0 
07_0041 0 0 0 0 0 
07_0042 0 0 0 0 0 
07_0043 0 0 0 0 0 
07_0044 0 0 0 0 0 
07_0045 0 0 0 0 0 
07_0046 0 0 0 0 0 
07_0047 0 0 0 0 0 
07_0048 0 0 0 0 0 
07_0049 0 0 0 0 0 
07_0050 0 0 0 0 0 
07_0051 0 0 0 0 0 
07_0052 0 0 0 0 0 
07_0053 0 0 0 0 0 
07_0054 0 0 0 0 0 
07_0055 0 0 0 0 0 
07_0056 0 0 0 0 0 
07_0057 0 0 0 0 0 
07_0058 0 0 0 0 0 
07_0059 0 0 0 0 0 
07_0060 0 0 0 0 0 
07_0061 0 0 0 0 0 
07_0062 0 0 0 0 0 
07_0063 0 0 0 0 0 
07_0064 0 0 0 0 0 
07_0065 0 0 0 0 0 
07_0066 0 0 0 0 0 
07_0067 0 0 0 0 0 
07_0068 0 0 0 0 0 
07_0069 0 0 0 0 0 
07_0070 0 0 0 0 0 
07_0071 0 0 0 0 0 
07_0072 0 0 0 0 0 
07_0073 0 0 0 0 0 
07_0074 0 0 0 0 0 
07_0075 0 0 0 0 0 
07_0076 0 0 0 0 0 
07_0077 0 0 0 0 0 
07_0078 0 0 0 0 0 
07_0079 0 0 0 0 0 
07_0080 0 0 0 0 0 
07_0081 0 0 0 0 0 
07_0082 0 0 0 0 0 
07_0083 0 0 0 0 0 
07_0084 0 0 0 0 0 
07_0085 0 0 0 0 0 
07_0086 0 0 0 0 0 
07_0087 0 0 0 0 0 
07_0088 0 0 0 0 0 
07_0089 0 0 0 0 0 
07_0090 0 0 0 0 0 
07_0091 0 0 0 0 0 
07_0092 0 0 0 0 0 
07_0093 0 0 0 0 0 
07_0094 0 0 0 0 0 
07_0095 0 0 0 0 0 
07_0096 0 0 0 0 0 
07_0097 0 0 0 0 0 
07_0098 0 0 0 0 0 
07_0099 0 0 0 0 0 
07_0100 0 0 0 0 0 
07_0101 0 0 0 0 0 
07_0102 0 0 0 0 0 
07_0103 0 0 0 0 0 
07_0104 0 0 0 0 0 
07_0105 0 0 0 0 0 
07_0106 0 0 0 0 0 
07_0107 0 0 0 0 0 
07_0108 0 0 0 0 0 
07_0109 0 0 0 0 0 
07_0110 0 0 0 0 0 
07_0111 0 0 0 0 0 
07_0112 0 0 0 0 0 
07_0113 0 0 0 0 0 
07_0114 0 0 0 0 0 
07_0115 0 0 0 0 0 
07_0116 0 0 0 0 0 
07_0117 0 0 0 0 0 
07_0118 94 47 206 134 3 
07_0119 0 0 0 0 0 
07_0120 110 59 206 134 3 
07_0121 0 0 0 0 0 
07_0122 0 0 0 0 0 
07_0123 0 0 0 0 0 
07_0124 0 0 0 0 0 
07_0125 0 0 0 0 0 
07_0126 0 0 0 0 0 
07_0127 0 0 0 0 0 
07_0128 0 0 0 0 0 
07_0129 0 0 0 0 0 
07_0130 0 0 0 0 0 
07_0131 0 0 0 0 0 
07_0132 0 0 0 0 0 
07_0133 0 0 0 0 0 
07_0134 0 0 0 0 0 
07_0135 0 0 0 0 0 
07_0136 0 0 0 0 0 
07_0137 0 0 0 0 0 
07_0138 0 0 0 0 0 
07_0139 0 0 0 0 0 
07_0140 0 0 0 0 0 
07_0141 0 0 0 0 0 
07_0142 0 0 0 0 0 
07_0143 0 0 0 0 0 
07_0144 0 0 0 0 0 
07_0145 0 0 0 0 0 
07_0146 0 0 0 0 0 
07_0147 0 0 0 0 0 
07_0148 0 0 0 0 0 
07_0149 0 0 0 0 0 
07_0150 0 0 0 0 0 
07_0151 0 0 0 0 0 
07_0152 0 0 0 0 0 
07_0153 0 0 0 0 0 
07_0154 0 0 0 0 0 
07_0155 0 0 0 0 0 
07_0156 0 0 0 0 0 
07_0157 0 0 0 0 0 
07_0158 0 0 0 0 0 
07_0159 0 0 0 0 0 
07_0160 0 0 0 0 0 
07_0161 0 0 0 0 0 
07_0162 0 0 0 0 0 
07_0163 0 0 0 0 0 
07_0164 0 0 0 0 0 
07_0165 0 0 0 0 0 
07_0166 0 0 0 0 0 
07_0167 0 0 0 0 0 
07_0168 0 0 0 0 0 
07_0169 0 0 0 0 0 
07_0170 0 0 0 0 0 
07_0171 0 0 0 0 0 
07_0172 0 0 0 0 0 
07_0173 0 0 0 0 0 
07_0174 0 0 0 0 0 
07_0175 0 0 0 0 0 
07_0176 0 0 0 0 0 
07_0177 0 0 0 0 0 
07_0178 0 0 0 0 0 
07_0179 0 0 0 0 0 
07_0180 0 0 0 0 0 
07_0181 0 0 0 0 0 
07_0182 0 0 0 0 0 
07_0183 0 0 0 0 0 
07_0184 0 0 0 0 0 
07_0185 0 0 0 0 0 
07_0186 0 0 0 0 0 
07_0187 0 0 0 0 0 
07_0188 0 0 0 0 0 
07_0189 0 0 0 0 0 
07_0190 0 0 0 0 0 
07_0191 0 0 0 0 0 
07_0192 0 0 0 0 0 
07_0193 0 0 0 0 0 
07_0194 0 0 0 0 0 
07_0195 0 0 0 0 0 
07_0196 0 0 0 0 0 
07_0197 0 0 0 0 0 
07_0198 0 0 0 0 0 
07_0199 0 0 0 0 0 
07_0200 0 0 0 0 0 
07_0201 0 0 0 0 0 
07_0202 0 0 0 0 0 
07_0203 0 0 0 0 0 
07_0204 0 0 0 0 0 
07_0205 0 0 0 0 0 
07_0206 0 0 0 0 0 
07_0207 0 0 0 0 0 
07_0208 0 0 0 0 0 
07_0209 0 0 0 0 0 
07_0210 0 0 0 0 0 
07_0211 0 0 0 0 0 
07_0212 0 0 0 0 0 
07_0213 0 0 0 0 0 
07_0214 0 0 0 0 0 
07_0215 0 0 0 0 0 
07_0216 0 0 0 0 0 
07_0217 0 0 0 0 0 
07_0218 0 0 0 0 0 
07_0219 0 0 0 0 0 
07_0220 0 0 0 0 0 
07_0221 0 0 0 0 0 
07_0222 0 0 0 0 0 
07_0223 0 0 0 0 0 
07_0224 0 0 0 0 0 
07_0225 0 0 0 0 0 
07_0226 0 0 0 0 0 
07_0227 0 0 0 0 0 
07_0228 0 0 0 0 0 
07_0229 0 0 0 0 0 
07_0230 0 0 0 0 0 
07_0231 0 0 0 0 0 
07_0232 0 0 0 0 0 
07_0233 0 0 0 0 0 
07_0234 0 0 0 0 0 
07_0235 0 0 0 0 0 
07_0236 0 0 0 0 0 
07_0237 0 0 0 0 0 
07_0238 0 0 0 0 0 
07_0239 0 0 0 0 0 
07_0240 0 0 0 0 0 
07_0241 0 0 0 0 0 
07_0242 0 0 0 0 0 
07_0243 0 0 0 0 0 
07_0244 0 0 0 0 0 
07_0245 0 0 0 0 0 
07_0246 0 0 0 0 0 
07_0247 0 0 0 0 0 
07_0248 0 0 0 0 0 
07_0249 0 0 0 0 0 
07_0250 0 0 0 0 0 
07_0251 0 0 0 0 0 
07_0252 0 0 0 0 0 
07_0253 0 0 0 0 0 
07_0254 0 0 0 0 0 
07_0255 0 0 0 0 0 
07_0256 0 0 0 0 0 
07_0257 0 0 0 0 0 
07_0258 0 0 0 0 0 
07_0259 0 0 0 0 0 
07_0260 0 0 0 0 0 
07_0261 0 0 0 0 0 
07_0262 0 0 0 0 0 
07_0263 0 0 0 0 0 
07_0264 0 0 0 0 0 
07_0265 0 0 0 0 0 
07_0266 0 0 0 0 0 
07_0267 0 0 0 0 0 
07_0268 0 0 0 0 0 
07_0269 0 0 0 0 0 
07_0270 0 0 0 0 0 
07_0271 0 0 0 0 0 
07_0272 0 0 0 0 0 
07_0273 0 0 0 0 0 
07_0274 0 0 0 0 0 
07_0275 0 0 0 0 0 
07_0276 0 0 0 0 0 
07_0277 0 0 0 0 0 
07_0278 0 0 0 0 0 
07_0279 0 0 0 0 0 
07_0280 0 0 0 0 0 
07_0281 0 0 0 0 0 
07_0282 0 0 0 0 0 
07_0283 0 0 0 0 0 
07_0284 0 0 0 0 0 
07_0285 0 0 0 0 0 
07_0286 0 0 0 0 0 
07_0287 0 0 0 0 0 
07_0288 0 0 0 0 0 
07_0289 0 0 0 0 0 
07_0290 0 0 0 0 0 
07_0291 0 0 0 0 0 
07_0292 0 0 0 0 0 
07_0293 0 0 0 0 0 
07_0294 0 0 0 0 0 
07_0295 0 0 0 0 0 
07_0296 0 0 0 0 0 
07_0297 0 0 0 0 0 
07_0298 0 0 0 0 0 
07_0299 0 0 0 0 0 
07_0300 0 0 0 0 0 
07_0301 0 0 0 0 0 
07_0302 0 0 0 0 0 
07_0303 0 0 0 0 0 
07_0304 0 0 0 0 0 
07_0305 0 0 0 0 0 
07_0306 0 0 0 0 0 
07_0307 0 0 0 0 0 
07_0308 0 0 0 0 0 
07_0309 0 0 0 0 0 
07_0310 0 0 0 0 0 
07_0311 0 0 0 0 0 
07_0312 0 0 0 0 0 
07_0313 0 0 0 0 0 
07_0314 0 0 0 0 0 
07_0315 0 0 0 0 0 
07_0316 0 0 0 0 0 
07_0317 0 0 0 0 0 
07_0318 0 0 0 0 0 
07_0319 0 0 0 0 0 
07_0320 0 0 0 0 0 
07_0321 0 0 0 0 0 
07_0322 0 0 0 0 0 
07_0323 0 0 0 0 0 
07_0324 0 0 0 0 0 
07_0325 0 0 0 0 0 
07_0326 0 0 0 0 0 
07_0327 0 0 0 0 0 
07_0328 0 0 0 0 0 
07_0329 0 0 0 0 0 
07_0330 0 0 0 0 0 
07_0331 0 0 0 0 0 
07_0332 0 0 0 0 0 
07_0333 0 0 0 0 0 
07_0334 0 0 0 0 0 
07_0335 0 0 0 0 0 
07_0336 0 0 0 0 0 
07_0337 0 0 0 0 0 
07_0338 0 0 0 0 0 
07_0339 0 0 0 0 0 
07_0340 0 0 0 0 0 
07_0341 0 0 0 0 0 
07_0342 0 0 0 0 0 
07_0343 0 0 0 0 0 
07_0344 0 0 0 0 0 
07_0345 0 0 0 0 0 
07_0346 0 0 0 0 0 
07_0347 0 0 0 0 0 
07_0348 0 0 0 0 0 
07_0349 0 0 0 0 0 
07_0350 0 0 0 0 0 
07_0351 0 0 0 0 0 
07_0352 0 0 0 0 0 
07_0353 0 0 0 0 0 
07_0354 0 0 0 0 0 
07_0355 0 0 0 0 0 
07_0356 0 0 0 0 0 
07_0357 0 0 0 0 0 
07_0358 24 3 121 66 1 
07_0359 18 5 121 70 1 
07_0360 14 5 124 73 1 
07_0361 13 9 118 78 1 
07_0362 7 4 119 80 1 
07_0363 7 15 119 85 1 
07_0364 9 16 114 90 1 
07_0365 7 21 115 90 1 
07_0366 8 25 112 85 1 
07_0367 5 15 112 97 1 
07_0368 7 27 116 100 1 
07_0369 7 22 112 99 1 
07_0370 8 29 117 100 1 
07_0371 10 33 113 89 1 
07_0372 4 18 106 101 1 
07_0373 7 24 112 106 1 
07_0374 5 29 109 100 1 
07_0375 3 21 106 110 1 
07_0376 8 38 110 111 1 
07_0377 9 39 114 98 1 
07_0378 4 39 110 114 1 
07_0379 0 0 0 0 0 
07_0380 8 42 110 104 1 
07_0381 7 42 110 103 1 
07_0382 9 46 119 114 1 
07_0383 7 46 121 120 1 
07_0384 7 38 126 128 1 
07_0385 12 48 127 115 1 
07_0386 7 40 130 129 1 
07_0387 7 41 133 131 1 
07_0388 4 35 147 140 1 
07_0389 4 53 129 133 1 
07_0390 8 47 136 142 1 
07_0391 4 60 146 139 1 
07_0392 1 69 122 144 1 
07_0393 1 73 119 143 1 
07_0394 1 79 111 145 1 
07_0395 1 81 109 147 1 
07_0396 1 84 102 148 1 
07_0397 1 87 101 146 1 
07_0398 1 90 102 151 1 
07_0399 1 87 102 153 1 
07_0400 1 95 104 158 1 
07_0401 2 95 110 159 1 
07_0402 1 99 117 166 1 
07_0403 1 98 122 167 1 
07_0404 1 97 126 170 1 
07_0405 1 99 125 166 1 
07_0406 1 98 125 171 1 
07_0407 2 98 133 170 1 
07_0408 5 97 135 167 1 
07_0409 2 99 122 172 1 
07_0410 0 0 0 0 0 
07_0411 0 0 0 0 0 
07_0412 0 0 0 0 0 
07_0413 0 0 0 0 0 
07_0414 0 0 0 0 0 
07_0415 0 0 0 0 0 
07_0416 0 0 0 0 0 
07_0417 0 0 0 0 0 
07_0418 0 0 0 0 0 
07_0419 0 0 0 0 0 
07_0420 0 0 0 0 0 
07_0421 0 0 0 0 0 
07_0422 0 0 0 0 0 
07_0423 0 0 0 0 0 
07_0424 0 0 0 0 0 
07_0425 0 0 0 0 0 
07_0426 0 0 0 0 0 
07_0427 0 0 0 0 0 
07_0428 0 0 0 0 0 
07_0429 0 0 0 0 0 
07_0430 0 0 0 0 0 
07_0431 0 0 0 0 0 
07_0432 0 0 0 0 0 
07_0433 0 0 0 0 0 
07_0434 0 0 0 0 0 
07_0435 0 0 0 0 0 
07_0436 0 0 0 0 0 
07_0437 0 0 0 0 0 
07_0438 0 0 0 0 0 
07_0439 0 0 0 0 0 
07_0440 0 0 0 0 0 
07_0441 0 0 0 0 0 
07_0442 0 0 0 0 0 
07_0443 0 0 0 0 0 
07_0444 0 0 0 0 0 
07_0445 0 0 0 0 0 
07_0446 0 0 0 0 0 
07_0447 0 0 0 0 0 
07_0448 0 0 0 0 0 
07_0449 0 0 0 0 0 
07_0450 0 0 0 0 0 
07_0451 0 0 0 0 0 
07_0452 0 0 0 0 0 
07_0453 0 0 0 0 0 
07_0454 1 74 155 168 1 
07_0455 1 67 159 170 1 
07_0456 1 63 161 155 1 
07_0457 1 57 170 166 1 
07_0458 1 57 169 163 1 
07_0459 1 55 169 161 1 
07_0460 1 49 168 146 1 
07_0461 1 44 171 143 1 
07_0462 1 35 174 155 1 
07_0463 1 35 172 134 1 
07_0464 1 25 178 146 1 
07_0465 1 19 179 145 1 
07_0466 1 16 180 140 1 
07_0467 1 13 176 143 1 
07_0468 1 24 166 125 1 
07_0469 1 25 172 138 1 
07_0470 1 29 166 143 1 
07_0471 0 0 0 0 0 
07_0472 0 0 0 0 0 
07_0473 0 0 0 0 0 
07_0474 0 0 0 0 0 
07_0475 1 26 197 168 1 
07_0476 1 43 186 155 1 
07_0477 1 32 188 156 1 
07_0478 1 36 192 159 1 
07_0479 1 38 195 155 1 
07_0480 2 32 219 156 1 
07_0481 1 33 226 149 1 
07_0482 2 34 234 148 1 
07_0483 1 25 250 151 1 
07_0484 11 24 249 137 1 
07_0485 18 19 257 131 1 
07_0486 12 16 258 129 1 
07_0487 13 14 249 127 1 
07_0488 3 7 247 120 1 
07_0489 150 75 191 154 2 
07_0490 152 72 189 152 2 
07_0491 149 69 186 152 2 
07_0492 148 71 186 153 2 
07_0493 144 69 185 152 2 
07_0494 141 65 181 153 2 
07_0495 137 71 177 152 2 
07_0496 137 64 172 152 2 
07_0497 135 70 174 150 2 
07_0498 136 68 172 149 2 
07_0499 137 65 176 147 2 
07_0500 139 63 177 142 2 
07_0501 142 61 179 141 2 
07_0502 142 60 182 139 2 
07_0503 143 59 181 138 2 
07_0504 145 58 184 137 2 
07_0505 146 57 185 137 2 
07_0506 148 57 187 137 2 
07_0507 147 57 186 136 2 
07_0508 142 59 181 139 2 
07_0509 134 58 174 138 2 
07_0510 131 58 172 142 2 
07_0511 130 58 172 143 2 
07_0512 132 58 171 141 2 
07_0513 133 58 174 142 2 
07_0514 134 59 175 139 2 
07_0515 134 59 175 138 2 
07_0516 132 54 173 137 2 
07_0517 134 58 175 139 2 
07_0518 132 58 173 140 2 
07_0519 131 57 172 141 2 
07_0520 130 58 172 142 2 
07_0521 128 59 170 143 2 
07_0522 127 59 169 143 2 
07_0523 127 57 167 142 2 
07_0524 127 58 169 140 2 
07_0525 129 58 170 140 2 
07_0526 128 58 169 141 2 
07_0527 129 58 170 141 2 
07_0528 130 60 172 142 2 
07_0529 130 65 172 149 2 
07_0530 131 73 172 156 2 
07_0531 129 74 173 161 2 
07_0532 126 79 169 165 2 
07_0533 126 77 169 165 2 
07_0534 127 82 168 168 2 
07_0535 129 82 174 173 2 
07_0536 132 84 177 173 2 
07_0537 133 91 173 179 2 
07_0538 0 0 0 0 0 
07_0539 0 0 0 0 0 
07_0540 0 0 0 0 0 
07_0541 0 0 0 0 0 
07_0542 0 0 0 0 0 
07_0543 0 0 0 0 0 
07_0544 0 0 0 0 0 
07_0545 0 0 0 0 0 
07_0546 0 0 0 0 0 
07_0547 0 0 0 0 0 
07_0548 0 0 0 0 0 
07_0549 0 0 0 0 0 
07_0550 0 0 0 0 0 
07_0551 0 0 0 0 0 
07_0552 0 0 0 0 0 
07_0553 0 0 0 0 0 
07_0554 0 0 0 0 0 
07_0555 0 0 0 0 0 
07_0556 0 0 0 0 0 
07_0557 0 0 0 0 0 
07_0558 0 0 0 0 0 
07_0559 0 0 0 0 0 
07_0560 0 0 0 0 0 
07_0561 0 0 0 0 0 
07_0562 0 0 0 0 0 
07_0563 0 0 0 0 0 
07_0564 0 0 0 0 0 
07_0565 0 0 0 0 0 
07_0566 0 0 0 0 0 
07_0567 0 0 0 0 0 
07_0568 0 0 0 0 0 
07_0569 0 0 0 0 0 
07_0570 0 0 0 0 0 
07_0571 0 0 0 0 0 
07_0572 0 0 0 0 0 
07_0573 0 0 0 0 0 
07_0574 0 0 0 0 0 
07_0575 0 0 0 0 0 
07_0576 0 0 0 0 0 
07_0577 0 0 0 0 0 
07_0578 0 0 0 0 0 
07_0579 0 0 0 0 0 
07_0580 150 96 195 187 2 
07_0581 156 95 199 180 2 
07_0582 160 92 202 180 2 
07_0583 161 92 204 180 2 
07_0584 165 91 207 179 2 
07_0585 167 89 209 179 2 
07_0586 170 90 209 175 2 
07_0587 171 88 213 174 2 
07_0588 173 86 215 177 2 
07_0589 176 86 216 175 2 
07_0590 177 87 216 174 2 
07_0591 180 87 219 177 2 
07_0592 180 86 221 174 2 
07_0593 183 87 223 177 2 
07_0594 184 86 223 174 2 
07_0595 184 85 224 176 2 
07_0596 186 86 227 176 2 
07_0597 187 84 228 172 2 
07_0598 187 86 230 177 2 
07_0599 187 84 228 173 2 
07_0600 188 84 229 174 2 
07_0601 187 83 229 173 2 
07_0602 187 84 229 173 2 
07_0603 187 83 229 178 2 
07_0604 186 84 229 173 2 
07_0605 188 84 230 172 2 
07_0606 188 82 230 172 2 
07_0607 187 83 230 172 2 
07_0608 187 82 228 175 2 
07_0609 187 85 229 178 2 
07_0610 186 87 229 177 2 
07_0611 187 88 229 181 2 
07_0612 185 93 227 189 2 
07_0613 182 99 224 197 2 
07_0614 179 107 222 202 2 
07_0615 180 112 224 208 2 
07_0616 179 117 224 212 2 
07_0617 180 119 223 213 2 
07_0618 181 123 223 216 2 
07_0619 179 128 220 222 2 
07_0620 178 137 219 229 2 
07_0621 179 145 220 234 2 
07_0622 176 146 220 235 2 
07_0623 179 146 223 237 2 
07_0624 179 144 223 233 2 
07_0625 182 147 226 236 2 
07_0626 180 147 224 237 2 
07_0627 180 145 224 232 2 
07_0628 180 146 228 233 2 
07_0629 184 148 225 216 2 
07_0630 0 0 0 0 0 
07_0631 185 150 223 217 2 
07_0632 0 0 0 0 0 
07_0633 0 0 0 0 0 
07_0634 0 0 0 0 0 
07_0635 0 0 0 0 0 
07_0636 0 0 0 0 0 
07_0637 0 0 0 0 0 
07_0638 193 162 230 231 2 
07_0639 0 0 0 0 0 
07_0640 0 0 0 0 0 
07_0641 0 0 0 0 0 
07_0642 0 0 0 0 0 
07_0643 0 0 0 0 0 
07_0644 0 0 0 0 0 
07_0645 0 0 0 0 0 
07_0646 0 0 0 0 0 
07_0647 0 0 0 0 0 
07_0648 0 0 0 0 0 
07_0649 0 0 0 0 0 
07_0650 0 0 0 0 0 
07_0651 0 0 0 0 0 
07_0652 0 0 0 0 0 
07_0653 0 0 0 0 0 
07_0654 0 0 0 0 0 
07_0655 0 0 0 0 0 
07_0656 0 0 0 0 0 
07_0657 0 0 0 0 0 
07_0658 0 0 0 0 0 
07_0659 0 0 0 0 0 
07_0660 0 0 0 0 0 
07_0661 0 0 0 0 0 
07_0662 0 0 0 0 0 
07_0663 0 0 0 0 0 
07_0664 171 159 216 232 2 
07_0665 0 0 0 0 0 
07_0666 0 0 0 0 0 
07_0667 165 149 217 235 2 
07_0668 161 146 216 234 2 
07_0669 160 141 215 234 2 
07_0670 159 141 214 236 2 
07_0671 155 138 212 235 2 
07_0672 156 140 212 233 2 
07_0673 156 140 211 233 2 
07_0674 156 144 211 237 2 
07_0675 157 141 212 234 2 
07_0676 157 140 211 235 2 
07_0677 158 140 212 234 2 
07_0678 159 140 217 235 2 
07_0679 162 140 217 236 2 
07_0680 162 141 217 236 2 
07_0681 162 141 217 236 2 
07_0682 162 140 219 235 2 
07_0683 163 137 219 235 2 
07_0684 162 136 219 235 2 
07_0685 165 135 222 233 2 
07_0686 169 132 226 230 2 
07_0687 167 131 222 234 2 
07_0688 168 129 224 232 2 
07_0689 168 130 224 232 2 
07_0690 170 132 224 232 2 
07_0691 168 132 224 233 2 
07_0692 170 131 224 230 2 
07_0693 169 132 224 233 2 
07_0694 169 136 223 231 2 
07_0695 169 135 226 232 2 
07_0696 171 135 229 233 2 
07_0697 176 138 233 236 2 
07_0698 177 138 235 237 2 
07_0699 181 139 237 238 2 
07_0700 181 142 238 237 2 
07_0701 184 145 238 240 2 
07_0702 181 144 239 236 2 
07_0703 181 143 241 235 2 
07_0704 0 0 0 0 0 
07_0705 177 146 237 235 2 
07_0706 172 146 234 236 2 
07_0707 168 141 228 233 2 
07_0708 159 145 219 237 2 
07_0709 147 147 209 237 2 
07_0710 0 0 0 0 0 
07_0711 135 147 198 237 2 
07_0712 131 148 194 238 2 
07_0713 128 148 191 237 2 
07_0714 126 150 189 238 2 
07_0715 127 149 190 237 2 
07_0716 127 146 192 237 2 
07_0717 128 147 191 237 2 
07_0718 126 146 191 236 2 
07_0719 126 147 189 237 2 
07_0720 127 146 191 237 2 
07_0721 130 145 190 239 2 
07_0722 129 142 193 236 2 
07_0723 131 139 198 238 2 
07_0724 136 141 199 237 2 
07_0725 137 137 200 237 2 
07_0726 136 137 201 235 2 
07_0727 138 137 200 238 2 
07_0728 137 138 200 237 2 
07_0729 136 138 200 237 2 
07_0730 136 138 202 235 2 
07_0731 138 138 199 236 2 
07_0732 135 137 201 236 2 
07_0733 137 140 199 238 2 
07_0734 139 140 202 238 2 
07_0735 138 140 205 235 2 
07_0736 141 144 204 238 2 
07_0737 0 0 0 0 0 
07_0738 138 142 206 238 2 
07_0739 139 138 208 236 2 
07_0740 138 130 210 238 2 
07_0741 138 125 210 236 2 
07_0742 137 122 210 236 2 
07_0743 136 114 210 236 2 
07_0744 135 112 209 236 2 
07_0745 137 111 208 235 2 
07_0746 135 108 208 235 2 
07_0747 134 107 208 235 2 
07_0748 135 108 210 234 2 
07_0749 135 108 211 237 2 
07_0750 135 109 211 238 2 
07_0751 134 107 208 235 2 
07_0752 136 110 213 238 2 
07_0753 136 109 212 235 2 
07_0754 137 109 215 238 2 
07_0755 138 111 213 237 2 
07_0756 137 112 216 237 2 
07_0757 140 111 219 238 2 
07_0758 139 109 219 238 2 
07_0759 140 108 221 236 2 
07_0760 142 108 224 235 2 
07_0761 144 109 225 238 2 
07_0762 148 107 228 238 2 
07_0763 149 107 230 237 2 
07_0764 148 104 229 234 2 
07_0765 150 104 231 235 2 
07_0766 152 103 235 236 2 
07_0767 155 103 238 236 2 
07_0768 159 103 242 237 2 
07_0769 158 103 243 239 2 
07_0770 158 107 243 236 2 
07_0771 155 109 242 238 2 
07_0772 155 119 240 239 2 
07_0773 0 0 0 0 0 
07_0774 0 0 0 0 0 
07_0775 0 0 0 0 0 
07_0776 0 0 0 0 0 
07_0777 0 0 0 0 0 
07_0778 0 0 0 0 0 
07_0779 0 0 0 0 0 
07_0780 0 0 0 0 0 
07_0781 0 0 0 0 0 
07_0782 0 0 0 0 0 
07_0783 0 0 0 0 0 
07_0784 149 116 246 240 2 
07_0785 153 101 244 236 2 
07_0786 154 97 239 238 2 
07_0787 154 96 242 238 2 
07_0788 154 95 241 235 2 
07_0789 153 95 240 237 2 
07_0790 154 95 242 236 2 
07_0791 152 93 242 235 2 
07_0792 150 96 238 235 2 
07_0793 148 96 237 235 2 
07_0794 149 97 236 237 2 
07_0795 146 100 235 237 2 
07_0796 144 103 235 238 2 
07_0797 147 111 232 239 2 
07_0798 147 117 235 240 2 
07_0799 0 0 0 0 0 
07_0800 0 0 0 0 0 
07_0801 0 0 0 0 0 
07_0802 0 0 0 0 0 
07_0803 0 0 0 0 0 
07_0804 0 0 0 0 0 
07_0805 0 0 0 0 0 
07_0806 0 0 0 0 0 
07_0807 0 0 0 0 0 
07_0808 0 0 0 0 0 
07_0809 0 0 0 0 0 
07_0810 0 0 0 0 0 
07_0811 0 0 0 0 0 
07_0812 0 0 0 0 0 
07_0813 0 0 0 0 0 
07_0814 0 0 0 0 0 
07_0815 0 0 0 0 0 
07_0816 0 0 0 0 0 
07_0817 0 0 0 0 0 
07_0818 0 0 0 0 0 
07_0819 0 0 0 0 0 
07_0820 0 0 0 0 0 
07_0821 0 0 0 0 0 
07_0822 0 0 0 0 0 
07_0823 0 0 0 0 0 
07_0824 0 0 0 0 0 
07_0825 0 0 0 0 0 
07_0826 0 0 0 0 0 
07_0827 0 0 0 0 0 
07_0828 0 0 0 0 0 
07_0829 0 0 0 0 0 
07_0830 0 0 0 0 0 
07_0831 0 0 0 0 0 
07_0832 0 0 0 0 0 
07_0833 0 0 0 0 0 
07_0834 0 0 0 0 0 
07_0835 0 0 0 0 0 
07_0836 0 0 0 0 0 
07_0837 0 0 0 0 0 
07_0838 0 0 0 0 0 
07_0839 39 103 170 240 2 
07_0840 34 91 180 240 2 
07_0841 37 85 181 240 2 
07_0842 41 78 189 240 2 
07_0843 40 77 198 240 2 
07_0844 45 71 193 240 2 
07_0845 50 67 204 240 2 
07_0846 48 60 205 240 2 
07_0847 57 55 218 240 2 
07_0848 64 48 231 240 2 
07_0849 70 35 238 240 2 
07_0850 71 32 238 240 2 
07_0851 70 34 238 240 2 
07_0852 71 29 248 240 2 
07_0853 75 23 252 240 2 
07_0854 70 22 246 240 2 
07_0855 74 19 247 240 2 
07_0856 77 14 254 238 2 
07_0857 77 8 258 236 2 
07_0858 113 4 288 230 2 
07_0859 138 1 305 182 2 
07_0860 0 0 0 0 0 
07_0861 0 0 0 0 0 
07_0862 0 0 0 0 0 
07_0863 0 0 0 0 0 
07_0864 0 0 0 0 0 
07_0865 103 1 320 176 2 
07_0866 0 0 0 0 0 
07_0867 0 0 0 0 0 
07_0868 99 1 320 174 2 
07_0869 105 1 320 193 2 
07_0870 0 0 0 0 0 
07_0871 0 0 0 0 0 
07_0872 0 0 0 0 0 
07_0873 0 0 0 0 0 
07_0874 0 0 0 0 0 
07_0875 0 0 0 0 0 
07_0876 0 0 0 0 0 
07_0877 0 0 0 0 0 
07_0878 0 0 0 0 0 
07_0879 0 0 0 0 0 
07_0880 0 0 0 0 0 
07_0881 0 0 0 0 0 
07_0882 0 0 0 0 0 
07_0883 0 0 0 0 0 
07_0884 0 0 0 0 0 
07_0885 0 0 0 0 0 
07_0886 0 0 0 0 0 
07_0887 0 0 0 0 0 
07_0888 0 0 0 0 0 
07_0889 0 0 0 0 0 
07_0890 0 0 0 0 0 
07_0891 0 0 0 0 0 
07_0892 0 0 0 0 0 
07_0893 0 0 0 0 0 
07_0894 0 0 0 0 0 
07_0895 0 0 0 0 0 
07_0896 0 0 0 0 0 
07_0897 0 0 0 0 0 
07_0898 0 0 0 0 0 
07_0899 0 0 0 0 0 
07_0900 0 0 0 0 0 
07_0901 0 0 0 0 0 
07_0902 0 0 0 0 0 
07_0903 0 0 0 0 0 
07_0904 0 0 0 0 0 
07_0905 0 0 0 0 0 
07_0906 0 0 0 0 0 
07_0907 0 0 0 0 0 
07_0908 0 0 0 0 0 
07_0909 0 0 0 0 0 
07_0910 0 0 0 0 0 
07_0911 0 0 0 0 0 
07_0912 59 94 241 240 3 
07_0913 0 0 0 0 0 
07_0914 0 0 0 0 0 
07_0915 0 0 0 0 0 
07_0916 0 0 0 0 0 
07_0917 0 0 0 0 0 
07_0918 0 0 0 0 0 
07_0919 0 0 0 0 0 
07_0920 0 0 0 0 0 
07_0921 0 0 0 0 0 
07_0922 57 128 225 234 3 
07_0923 0 0 0 0 0 
07_0924 0 0 0 0 0 
07_0925 0 0 0 0 0 
07_0926 0 0 0 0 0 
07_0927 0 0 0 0 0 
07_0928 0 0 0 0 0 
07_0929 0 0 0 0 0 
07_0930 55 66 246 231 3 
07_0931 51 43 245 225 3 
07_0932 59 35 239 219 3 
07_0933 59 37 241 218 3 
07_0934 53 29 240 219 3 
07_0935 48 30 250 226 3 
07_0936 58 33 244 217 3 
07_0937 56 32 242 216 3 
07_0938 60 37 244 218 3 
07_0939 49 22 247 222 3 
07_0940 55 23 231 214 3 
07_0941 52 18 229 215 3 
07_0942 51 28 228 218 3 
07_0943 48 13 230 217 3 
07_0944 44 19 233 221 3 
07_0945 40 12 235 220 3 
07_0946 42 18 229 219 3 
07_0947 42 33 222 217 3 
07_0948 40 26 221 216 3 
07_0949 41 21 215 215 3 
07_0950 31 17 210 215 3 
07_0951 25 23 212 222 3 
07_0952 16 25 220 225 3 
07_0953 27 90 220 221 3 
07_0954 26 105 210 230 3 
07_0955 22 94 218 226 3 
07_0956 25 91 216 227 3 
07_0957 26 74 221 213 3 
07_0958 33 57 230 224 3 
07_0959 47 51 214 200 3 
07_0960 40 34 238 211 3 
07_0961 47 30 242 208 3 
07_0962 49 20 251 202 3 
07_0963 54 27 228 192 3 
07_0964 52 26 226 189 3 
07_0965 58 29 238 191 3 
07_0966 66 30 237 186 3 
07_0967 61 30 243 191 3 
07_0968 69 25 249 199 3 
07_0969 74 30 249 196 3 
07_0970 71 27 250 191 3 
07_0971 74 32 256 204 3 
07_0972 86 50 252 196 3 
07_0973 86 68 257 215 3 
07_0974 82 61 270 231 3 
07_0975 0 0 0 0 0 
07_0976 0 0 0 0 0 
07_0977 0 0 0 0 0 
07_0978 0 0 0 0 0 
07_0979 0 0 0 0 0 
07_0980 0 0 0 0 0 
07_0981 0 0 0 0 0 
07_0982 0 0 0 0 0 
07_0983 0 0 0 0 0 
07_0984 0 0 0 0 0 
07_0985 0 0 0 0 0 
07_0986 0 0 0 0 0 
07_0987 0 0 0 0 0 
07_0988 12 49 187 126 3 
07_0989 0 0 0 0 0 
07_0990 0 0 0 0 0 
07_0991 0 0 0 0 0 
07_0992 0 0 0 0 0 
07_0993 0 0 0 0 0 
07_0994 0 0 0 0 0 
07_0995 0 0 0 0 0 
07_0996 0 0 0 0 0 
07_0997 0 0 0 0 0 
07_0998 0 0 0 0 0 
07_0999 0 0 0 0 0 
07_1000 0 0 0 0 0 
07_1001 0 0 0 0 0 
07_1002 0 0 0 0 0 
07_1003 0 0 0 0 0 
07_1004 0 0 0 0 0 
07_1005 0 0 0 0 0 
07_1006 0 0 0 0 0 
07_1007 0 0 0 0 0 
07_1008 0 0 0 0 0 
07_1009 0 0 0 0 0 
07_1010 0 0 0 0 0 
07_1011 0 0 0 0 0 
07_1012 0 0 0 0 0 
07_1013 0 0 0 0 0 
07_1014 0 0 0 0 0 
07_1015 0 0 0 0 0 
07_1016 0 0 0 0 0 
07_1017 0 0 0 0 0 
07_1018 0 0 0 0 0 
07_1019 0 0 0 0 0 
07_1020 0 0 0 0 0 
07_1021 0 0 0 0 0 
07_1022 0 0 0 0 0 
07_1023 0 0 0 0 0 
07_1024 0 0 0 0 0 
07_1025 0 0 0 0 0 
07_1026 0 0 0 0 0 
07_1027 0 0 0 0 0 
07_1028 0 0 0 0 0 
07_1029 0 0 0 0 0 
07_1030 0 0 0 0 0 
07_1031 0 0 0 0 0 
07_1032 0 0 0 0 0 
07_1033 0 0 0 0 0 
07_1034 0 0 0 0 0 
07_1035 0 0 0 0 0 
07_1036 0 0 0 0 0 
07_1037 0 0 0 0 0 
07_1038 0 0 0 0 0 
07_1039 0 0 0 0 0 
07_1040 0 0 0 0 0 
07_1041 0 0 0 0 0 
07_1042 0 0 0 0 0 
07_1043 0 0 0 0 0 
07_1044 0 0 0 0 0 
07_1045 0 0 0 0 0 
07_1046 0 0 0 0 0 
07_1047 0 0 0 0 0 
07_1048 0 0 0 0 0 
07_1049 0 0 0 0 0 
07_1050 0 0 0 0 0 
07_1051 0 0 0 0 0 
07_1052 0 0 0 0 0 
07_1053 0 0 0 0 0 
07_1054 0 0 0 0 0 
07_1055 0 0 0 0 0 
07_1056 0 0 0 0 0 
07_1057 0 0 0 0 0 
07_1058 0 0 0 0 0 
07_1059 0 0 0 0 0 
07_1060 50 59 162 148 4 
07_1061 52 59 162 149 4 
07_1062 50 63 162 151 4 
07_1063 50 63 165 149 4 
07_1064 50 62 165 151 4 
07_1065 54 66 167 155 4 
07_1066 0 0 0 0 0 
07_1067 57 67 167 162 4 
07_1068 53 65 163 154 4 
07_1069 0 0 0 0 0 
07_1070 0 0 0 0 0 
07_1071 59 69 164 153 4 
07_1072 53 69 168 155 4 
07_1073 57 71 164 154 4 
07_1074 57 71 165 156 4 
07_1075 60 75 165 154 4 
07_1076 52 71 166 157 4 
07_1077 56 75 169 155 4 
07_1078 59 72 164 156 4 
07_1079 60 75 168 154 4 
07_1080 56 71 169 158 4 
07_1081 55 70 171 156 4 
07_1082 0 0 0 0 0 
07_1083 49 65 173 159 4 
07_1084 47 65 170 160 4 
07_1085 48 64 170 158 4 
07_1086 50 64 167 156 4 
07_1087 43 61 171 161 4 
07_1088 39 47 187 162 4 
07_1089 38 60 169 160 4 
07_1090 43 61 167 160 4 
07_1091 37 60 171 160 4 
07_1092 38 60 170 158 4 
07_1093 35 60 174 165 4 
07_1094 0 0 0 0 0 
07_1095 40 58 174 160 4 
07_1096 32 51 173 165 4 
07_1097 33 53 170 162 4 
07_1098 31 50 176 169 4 
07_1099 53 57 167 149 4 
07_1100 31 47 185 165 4 
07_1101 28 50 171 166 4 
07_1102 28 48 172 164 4 
07_1103 33 42 171 147 4 
07_1104 28 29 168 142 4 
07_1105 27 22 166 136 4 
07_1106 27 19 175 136 4 
07_1107 33 22 168 133 4 
07_1108 45 35 169 132 4 
07_1109 58 34 180 122 4 
07_1110 67 6 186 98 4 
07_1111 66 8 187 93 4 
07_1112 0 0 0 0 0 
07_1113 73 6 191 88 4 
07_1114 0 0 0 0 0 
07_1115 0 0 0 0 0 
07_1116 0 0 0 0 0 
07_1117 0 0 0 0 0 
07_1118 76 30 186 117 4 
07_1119 78 45 191 137 4 
07_1120 78 55 188 144 4 
07_1121 83 64 187 153 4 
07_1122 88 80 191 160 4 
07_1123 90 88 187 163 4 
07_1124 34 31 234 218 3 
07_1125 35 42 227 219 3 
07_1126 48 48 214 216 3 
07_1127 96 96 180 162 4 
07_1128 11 24 236 229 3 
07_1129 27 35 232 211 3 
07_1130 19 28 234 225 3 
07_1131 18 55 224 232 3 
07_1132 38 38 233 228 3 
07_1133 43 55 251 207 3 
07_1134 45 56 244 236 3 
07_1135 44 52 242 235 3 
07_1136 40 57 235 240 3 
07_1137 44 54 226 231 3 
07_1138 39 52 225 228 3 
07_1139 37 39 247 232 3 
07_1140 42 49 238 229 3 
07_1141 41 46 249 220 3 
07_1142 42 56 233 219 3 
07_1143 49 59 234 230 3 
07_1144 43 48 247 227 3 
07_1145 52 54 240 227 3 
07_1146 58 49 246 232 3 
07_1147 70 55 250 230 3 
07_1148 79 60 255 229 3 
07_1149 80 55 255 227 3 
07_1150 83 53 255 226 3 
07_1151 78 48 253 223 3 
07_1152 75 38 246 220 3 
07_1153 78 61 248 230 3 
07_1154 76 22 250 220 3 
07_1155 77 24 254 224 3 
07_1156 92 69 250 228 3 
07_1157 90 47 254 224 3 
07_1158 85 35 256 225 3 
07_1159 88 58 253 229 3 
07_1160 88 47 256 230 3 
07_1161 91 60 255 230 3 
07_1162 84 54 256 230 3 
07_1163 92 64 251 234 3 
07_1164 91 67 251 234 3 
07_1165 91 67 250 234 3 
07_1166 90 69 253 234 3 
07_1167 89 73 248 236 3 
07_1168 90 76 246 236 3 
07_1169 89 72 248 234 3 
07_1170 91 76 246 237 3 
07_1171 91 75 248 236 3 
07_1172 95 72 248 234 3 
07_1173 95 67 254 236 3 
07_1174 82 59 259 230 3 
07_1175 95 57 258 228 3 
07_1176 87 44 262 223 3 
07_1177 93 40 256 212 3 
07_1178 100 55 246 207 3 
07_1179 94 45 247 204 3 
07_1180 94 46 236 196 3 
07_1181 82 39 247 191 3 
07_1182 0 0 0 0 0 
07_1183 0 0 0 0 0 
07_1184 0 0 0 0 0 
07_1185 0 0 0 0 0 
07_1186 0 0 0 0 0 
07_1187 0 0 0 0 0 
07_1188 0 0 0 0 0 
07_1189 0 0 0 0 0 
07_1190 0 0 0 0 0 
07_1191 0 0 0 0 0 
07_1192 81 1 232 213 2 
07_1193 90 1 225 199 2 
07_1194 101 1 222 185 2 
07_1195 105 1 214 175 2 
07_1196 115 3 216 169 2 
07_1197 138 1 234 160 2 
07_1198 142 1 234 156 2 
07_1199 140 1 234 151 2 
07_1200 0 0 0 0 0 
07_1201 0 0 0 0 0 
07_1202 0 0 0 0 0 
07_1203 0 0 0 0 0 
07_1204 0 0 0 0 0 
07_1205 0 0 0 0 0 
07_1206 0 0 0 0 0 
07_1207 0 0 0 0 0 
07_1208 0 0 0 0 0 
07_1209 0 0 0 0 0 
07_1210 0 0 0 0 0 
07_1211 0 0 0 0 0 
07_1212 0 0 0 0 0 
07_1213 0 0 0 0 0 
07_1214 0 0 0 0 0 
07_1215 0 0 0 0 0 
07_1216 0 0 0 0 0 
07_1217 0 0 0 0 0 
07_1218 0 0 0 0 0 
07_1219 0 0 0 0 0 
07_1220 0 0 0 0 0 
07_1221 0 0 0 0 0 
07_1222 0 0 0 0 0 
07_1223 0 0 0 0 0 
07_1224 0 0 0 0 0 
07_1225 0 0 0 0 0 
07_1226 0 0 0 0 0 
07_1227 0 0 0 0 0 
07_1228 0 0 0 0 0 
07_1229 0 0 0 0 0 
07_1230 0 0 0 0 0 
07_1231 0 0 0 0 0 
07_1232 0 0 0 0 0 
07_1233 0 0 0 0 0 
07_1234 0 0 0 0 0 
07_1235 0 0 0 0 0 
07_1236 0 0 0 0 0 
07_1237 0 0 0 0 0 
07_1238 0 0 0 0 0 
07_1239 0 0 0 0 0 
07_1240 0 0 0 0 0 
07_1241 0 0 0 0 0 
07_1242 0 0 0 0 0 
07_1243 0 0 0 0 0 
07_1244 0 0 0 0 0 
07_1245 0 0 0 0 0 
07_1246 0 0 0 0 0 
07_1247 0 0 0 0 0 
07_1248 0 0 0 0 0 
07_1249 0 0 0 0 0 
07_1250 0 0 0 0 0 
07_1251 0 0 0 0 0 
07_1252 0 0 0 0 0 
07_1253 0 0 0 0 0 
07_1254 0 0 0 0 0 
07_1255 0 0 0 0 0 
07_1256 0 0 0 0 0 
07_1257 0 0 0 0 0 
07_1258 0 0 0 0 0 
07_1259 0 0 0 0 0 
07_1260 0 0 0 0 0 
07_1261 0 0 0 0 0 
07_1262 0 0 0 0 0 
07_1263 0 0 0 0 0 
07_1264 0 0 0 0 0 
07_1265 0 0 0 0 0 
07_1266 0 0 0 0 0 
07_1267 0 0 0 0 0 
07_1268 0 0 0 0 0 
07_1269 0 0 0 0 0 
07_1270 0 0 0 0 0 
07_1271 0 0 0 0 0 
07_1272 0 0 0 0 0 
07_1273 0 0 0 0 0 
07_1274 0 0 0 0 0 
07_1275 0 0 0 0 0 
07_1276 0 0 0 0 0 
07_1277 0 0 0 0 0 
07_1278 0 0 0 0 0 
07_1279 0 0 0 0 0 
07_1280 0 0 0 0 0 
07_1281 0 0 0 0 0 
07_1282 0 0 0 0 0 
07_1283 0 0 0 0 0 
07_1284 0 0 0 0 0 
07_1285 0 0 0 0 0 
07_1286 0 0 0 0 0 
07_1287 0 0 0 0 0 
07_1288 0 0 0 0 0 
07_1289 0 0 0 0 0 
07_1290 0 0 0 0 0 
07_1291 0 0 0 0 0 
07_1292 0 0 0 0 0 
07_1293 0 0 0 0 0 
07_1294 0 0 0 0 0 
07_1295 0 0 0 0 0 
07_1296 0 0 0 0 0 
07_1297 0 0 0 0 0 
07_1298 0 0 0 0 0 
07_1299 0 0 0 0 0 
07_1300 0 0 0 0 0 
07_1301 0 0 0 0 0 
07_1302 0 0 0 0 0 
07_1303 0 0 0 0 0 
07_1304 0 0 0 0 0 
07_1305 0 0 0 0 0 
07_1306 0 0 0 0 0 
07_1307 0 0 0 0 0 
07_1308 0 0 0 0 0 
07_1309 0 0 0 0 0 
07_1310 0 0 0 0 0 
07_1311 0 0 0 0 0 
07_1312 47 1 194 58 1 
07_1313 0 0 0 0 0 
07_1314 50 1 195 59 1 
07_1315 53 1 195 51 1 
07_1316 53 1 190 47 1 
07_1317 56 1 182 54 1 
07_1318 41 2 173 58 1 
07_1319 50 1 163 51 1 
07_1320 0 0 0 0 0 
07_1321 0 0 0 0 0 
07_1322 0 0 0 0 0 
07_1323 46 1 158 38 1 
07_1324 50 1 152 34 1 
07_1325 0 0 0 0 0 
07_1326 0 0 0 0 0 
07_1327 0 0 0 0 0 
07_1328 0 0 0 0 0 
07_1329 0 0 0 0 0 
07_1330 0 0 0 0 0 
07_1331 0 0 0 0 0 
07_1332 0 0 0 0 0 
07_1333 0 0 0 0 0 
07_1334 0 0 0 0 0 
07_1335 0 0 0 0 0 
07_1336 0 0 0 0 0 
07_1337 0 0 0 0 0 
07_1338 0 0 0 0 0 
07_1339 0 0 0 0 0 
07_1340 0 0 0 0 0 
07_1341 0 0 0 0 0 
07_1342 0 0 0 0 0 
07_1343 0 0 0 0 0 
07_1344 0 0 0 0 0 
07_1345 0 0 0 0 0 
07_1346 0 0 0 0 0 
07_1347 0 0 0 0 0 
07_1348 0 0 0 0 0 
07_1349 0 0 0 0 0 
07_1350 0 0 0 0 0 
07_1351 0 0 0 0 0 
07_1352 0 0 0 0 0 
07_1353 0 0 0 0 0 
07_1354 0 0 0 0 0 
07_1355 0 0 0 0 0 
07_1356 0 0 0 0 0 
07_1357 0 0 0 0 0 
07_1358 0 0 0 0 0 
07_1359 0 0 0 0 0 
07_1360 0 0 0 0 0 
07_1361 0 0 0 0 0 
07_1362 0 0 0 0 0 
07_1363 0 0 0 0 0 
07_1364 0 0 0 0 0 
07_1365 0 0 0 0 0 
07_1366 0 0 0 0 0 
07_1367 0 0 0 0 0 
